MaterialCount: 1
DiffuseMapName mutant_diffuse0.png
Ambient: 0.200000 0.200000 0.200000 1.000000
Diffuse: 1.000000 1.000000 1.000000 1.000000
Specular: 0.200000 0.200000 0.200000 1.000000
Power: 6.153846
