BonesCount: 211
mixamorig:Spine2
Index: 0
Parent Index: 2
1.000000 0.000000 -0.000000 0.000000
0.000000 1.000000 -0.000000 0.000000
-0.000000 -0.000000 1.000000 -0.000000
0.000000 14.677846 -0.000000 1.000000
1.000000 0.000000 -0.000000 0.000000
0.000000 0.996489 -0.083723 0.000000
-0.000000 0.083723 0.996489 -0.000000
-0.000561 -131.423615 10.025752 1.000000
ChildCount: 3
Child index: 57
Child index: 61
Child index: 123
mixamorig:Spine
Index: 1
Parent Index: 56
1.000000 0.000000 -0.000000 0.000000
0.000000 1.000000 -0.000000 0.000000
-0.000000 -0.000000 1.000000 -0.000000
0.000000 0.000000 -0.000000 1.000000
1.000000 0.000000 -0.000000 0.000000
0.000000 0.996489 -0.083723 0.000000
-0.000000 0.083723 0.996489 -0.000000
-0.000561 -103.902672 10.025767 1.000000
ChildCount: 1
Child index: 2
mixamorig:Spine1
Index: 2
Parent Index: 1
1.000000 0.000000 -0.000000 0.000000
0.000000 1.000000 -0.000000 0.000000
-0.000000 -0.000000 1.000000 -0.000000
0.000000 12.843087 -0.000000 1.000000
1.000000 0.000000 -0.000000 0.000000
0.000000 0.996489 -0.083723 0.000000
-0.000000 0.083723 0.996489 -0.000000
-0.000561 -116.745758 10.025751 1.000000
ChildCount: 1
Child index: 0
mixamorig:Hips
Index: 3
Parent Index: 52
1.000000 0.000000 -0.000000 0.000000
0.000000 1.000000 -0.000000 0.000000
-0.000000 -0.000000 1.000000 -0.000000
0.000561 93.407539 -2.213154 1.000000
1.000000 0.000000 -0.000000 0.000000
0.000000 1.000000 -0.000000 0.000000
-0.000000 -0.000000 1.000000 -0.000000
-0.000561 -93.407539 2.213154 1.000000
ChildCount: 3
Child index: 54
Child index: 185
Child index: 198
mixamorig:RightShoulder
Index: 4
Parent Index: 125
1.000000 0.000000 -0.000000 0.000000
0.000000 1.000000 -0.000000 0.000000
-0.000000 -0.000000 1.000000 -0.000000
0.000000 0.000000 -0.000000 1.000000
-0.028709 -0.937019 -0.348097 0.000000
0.083138 -0.349272 0.933326 0.000000
-0.996124 -0.002145 0.087929 -0.000000
-9.948927 44.445099 -138.686996 1.000000
ChildCount: 1
Child index: 126
mixamorig:RightArm
Index: 5
Parent Index: 128
1.000000 0.000000 -0.000000 0.000000
0.000000 1.000000 -0.000000 0.000000
-0.000000 -0.000000 1.000000 -0.000000
0.000000 0.000000 -0.000000 1.000000
-0.049656 -0.969032 -0.241891 0.000000
0.075306 -0.245133 0.966560 0.000000
-0.995923 0.029779 0.085146 -0.000000
-9.277513 14.527122 -141.176376 1.000000
ChildCount: 1
Child index: 129
mixamorig:LeftShoulder
Index: 6
Parent Index: 63
1.000000 0.000000 -0.000000 0.000000
0.000000 1.000000 -0.000000 0.000000
-0.000000 -0.000000 1.000000 -0.000000
0.000000 0.000000 -0.000000 1.000000
-0.033254 0.937019 0.347692 0.000000
-0.083096 -0.349272 0.933329 0.000000
0.995987 0.002145 0.089478 -0.000000
9.943666 44.433773 -138.691605 1.000000
ChildCount: 1
Child index: 64
mixamorig:LeftArm
Index: 7
Parent Index: 66
1.000000 0.000000 -0.000000 0.000000
0.000000 1.000000 -0.000000 0.000000
-0.000000 -0.000000 1.000000 -0.000000
0.000000 0.000000 -0.000000 1.000000
-0.044697 0.969180 0.242264 0.000000
-0.078824 -0.245172 0.966270 0.000000
0.995886 0.024093 0.087353 -0.000000
9.577664 14.539450 -141.156769 1.000000
ChildCount: 1
Child index: 67
mixamorig:RightForeArm
Index: 8
Parent Index: 131
1.000000 0.000000 -0.000000 0.000000
0.000000 1.000000 -0.000000 0.000000
-0.000000 -0.000000 1.000000 -0.000000
0.000000 0.000000 -0.000000 1.000000
0.039635 -0.983555 -0.176207 0.000000
0.097522 -0.171696 0.980311 0.000000
-0.994444 -0.056038 0.089113 -0.000000
-8.640469 -16.796936 -140.364960 1.000000
ChildCount: 1
Child index: 132
mixamorig:LeftForeArm
Index: 9
Parent Index: 69
1.000000 0.000000 -0.000000 0.000000
0.000000 1.000000 -0.000000 0.000000
-0.000000 -0.000000 1.000000 -0.000000
0.000000 0.000000 -0.000000 1.000000
0.038955 0.983571 0.176267 0.000000
-0.099650 -0.171698 0.980097 0.000000
0.994260 -0.055745 0.091324 -0.000000
8.983252 -16.800762 -140.342773 1.000000
ChildCount: 1
Child index: 70
mixamorig:LeftFoot
Index: 10
Parent Index: 193
1.000000 0.000000 -0.000000 0.000000
0.000000 1.000000 -0.000000 0.000000
-0.000000 -0.000000 1.000000 -0.000000
0.000000 0.000000 -0.000000 1.000000
-0.994767 -0.096025 0.034893 0.000000
0.025223 -0.561771 -0.826908 0.000000
0.099006 -0.821701 0.561253 -0.000000
9.403083 10.030009 7.322997 1.000000
ChildCount: 1
Child index: 194
mixamorig:LeftToeBase
Index: 11
Parent Index: 196
1.000000 0.000000 -0.000000 0.000000
0.000000 1.000000 -0.000000 0.000000
-0.000000 -0.000000 1.000000 -0.000000
0.000000 0.000000 -0.000000 1.000000
-0.992743 -0.119914 0.009074 0.000000
-0.005990 -0.026058 -0.999642 0.000000
0.120108 -0.992442 0.025150 -0.000000
9.672640 -11.834563 0.679641 1.000000
ChildCount: 1
Child index: 197
mixamorig:LeftLeg
Index: 12
Parent Index: 190
1.000000 0.000000 -0.000000 0.000000
0.000000 1.000000 -0.000000 0.000000
-0.000000 -0.000000 1.000000 -0.000000
0.000000 0.000000 -0.000000 1.000000
-0.999881 -0.015402 0.000749 0.000000
0.015401 -0.994995 0.098728 0.000000
-0.000775 0.098728 0.995114 -0.000000
9.886387 46.055138 -4.323274 1.000000
ChildCount: 1
Child index: 191
mixamorig:LeftUpLeg
Index: 13
Parent Index: 187
1.000000 0.000000 -0.000000 0.000000
0.000000 1.000000 -0.000000 0.000000
-0.000000 -0.000000 1.000000 -0.000000
0.000000 0.000000 -0.000000 1.000000
-0.999495 0.031780 0.000000 0.000000
-0.031740 -0.998231 0.050279 0.000000
0.001598 0.050254 0.998735 -0.000000
12.056017 86.972710 -2.081033 1.000000
ChildCount: 1
Child index: 188
mixamorig:RightUpLeg
Index: 14
Parent Index: 200
1.000000 0.000000 -0.000000 0.000000
0.000000 1.000000 -0.000000 0.000000
-0.000000 -0.000000 1.000000 -0.000000
0.000000 0.000000 -0.000000 1.000000
-0.999495 -0.031764 0.000000 0.000000
0.031708 -0.997729 0.059423 0.000000
-0.001888 0.059393 0.998233 -0.000000
-12.053495 86.972717 -2.502614 1.000000
ChildCount: 1
Child index: 201
mixamorig:RightFoot
Index: 15
Parent Index: 206
1.000000 0.000000 -0.000000 0.000000
0.000000 1.000000 -0.000000 0.000000
-0.000000 -0.000000 1.000000 -0.000000
0.000000 0.000000 -0.000000 1.000000
-0.993856 0.100931 -0.045432 0.000000
-0.023085 -0.590458 -0.806738 0.000000
-0.108251 -0.800733 0.589160 -0.000000
-9.493037 9.561355 7.470019 1.000000
ChildCount: 1
Child index: 207
mixamorig:RightToeBase
Index: 16
Parent Index: 209
1.000000 0.000000 -0.000000 0.000000
0.000000 1.000000 -0.000000 0.000000
-0.000000 -0.000000 1.000000 -0.000000
0.000000 0.000000 -0.000000 1.000000
-0.992698 0.120586 0.003128 0.000000
-0.006330 -0.026185 -0.999637 0.000000
-0.120460 -0.992358 0.026757 -0.000000
-9.646091 -11.627524 0.795009 1.000000
ChildCount: 1
Child index: 210
mixamorig:RightLeg
Index: 17
Parent Index: 203
1.000000 0.000000 -0.000000 0.000000
0.000000 1.000000 -0.000000 0.000000
-0.000000 -0.000000 1.000000 -0.000000
0.000000 0.000000 -0.000000 1.000000
-0.999881 0.015439 -0.000178 0.000000
-0.015413 -0.997361 0.070954 0.000000
0.000917 0.070948 0.997480 -0.000000
-9.884687 46.157959 -3.036225 1.000000
ChildCount: 1
Child index: 204
mixamorig:LeftHand
Index: 18
Parent Index: 72
1.000000 0.000000 -0.000000 0.000000
0.000000 1.000000 -0.000000 0.000000
-0.000000 -0.000000 1.000000 -0.000000
0.000000 0.000000 -0.000000 1.000000
0.007652 0.996588 0.082186 0.000000
-0.031453 -0.081908 0.996143 0.000000
0.999476 -0.010207 0.030719 -0.000000
2.323276 -60.319550 -135.655792 1.000000
ChildCount: 5
Child index: 73
Child index: 83
Child index: 93
Child index: 103
Child index: 113
mixamorig:LeftHandPinky1
Index: 19
Parent Index: 115
1.000000 0.000000 -0.000000 0.000000
0.000000 1.000000 -0.000000 0.000000
-0.000000 -0.000000 1.000000 -0.000000
0.000000 0.000000 -0.000000 1.000000
-0.486103 0.803700 0.343177 0.000000
0.013160 -0.385919 0.922439 0.000000
0.873803 0.452916 0.177020 -0.000000
32.903530 -16.350538 -148.395752 1.000000
ChildCount: 1
Child index: 116
mixamorig:LeftHandThumb1
Index: 20
Parent Index: 75
1.000000 0.000000 -0.000000 0.000000
0.000000 1.000000 -0.000000 0.000000
-0.000000 -0.000000 1.000000 -0.000000
0.000000 0.000000 -0.000000 1.000000
0.766556 0.594261 0.243405 0.000000
-0.082882 -0.284308 0.955144 0.000000
0.636806 -0.752345 -0.168684 -0.000000
-44.336548 -9.357155 -141.555832 1.000000
ChildCount: 1
Child index: 76
mixamorig:LeftHandRing1
Index: 21
Parent Index: 105
1.000000 0.000000 -0.000000 0.000000
0.000000 1.000000 -0.000000 0.000000
-0.000000 -0.000000 1.000000 -0.000000
0.000000 0.000000 -0.000000 1.000000
-0.255758 0.894646 0.366327 0.000000
-0.008709 -0.381047 0.924514 0.000000
0.966702 0.233262 0.105247 -0.000000
19.309923 -24.155111 -150.216721 1.000000
ChildCount: 1
Child index: 106
mixamorig:LeftHandMiddle1
Index: 22
Parent Index: 95
1.000000 0.000000 -0.000000 0.000000
0.000000 1.000000 -0.000000 0.000000
-0.000000 -0.000000 1.000000 -0.000000
0.000000 0.000000 -0.000000 1.000000
-0.015713 0.922295 0.386167 0.000000
-0.029524 -0.386475 0.921827 0.000000
0.999441 0.003083 0.033302 -0.000000
5.067798 -25.273693 -151.422256 1.000000
ChildCount: 1
Child index: 96
mixamorig:RightHand
Index: 23
Parent Index: 134
1.000000 0.000000 -0.000000 0.000000
0.000000 1.000000 -0.000000 0.000000
-0.000000 -0.000000 1.000000 -0.000000
0.000000 0.000000 -0.000000 1.000000
0.011098 -0.996917 -0.077671 0.000000
0.033811 -0.077257 0.996438 0.000000
-0.999367 -0.013684 0.032849 -0.000000
-2.368105 -60.943237 -135.375534 1.000000
ChildCount: 5
Child index: 135
Child index: 145
Child index: 155
Child index: 165
Child index: 175
mixamorig:RightHandMiddle1
Index: 24
Parent Index: 157
1.000000 0.000000 -0.000000 0.000000
0.000000 1.000000 -0.000000 0.000000
-0.000000 -0.000000 1.000000 -0.000000
0.000000 0.000000 -0.000000 1.000000
-0.021113 -0.938648 -0.344231 0.000000
0.031298 -0.344759 0.938170 0.000000
-0.999287 0.009034 0.036656 -0.000000
-5.837845 -32.005470 -149.999557 1.000000
ChildCount: 1
Child index: 158
mixamorig:RightHandPinky1
Index: 25
Parent Index: 177
1.000000 0.000000 -0.000000 0.000000
0.000000 1.000000 -0.000000 0.000000
-0.000000 -0.000000 1.000000 -0.000000
0.000000 0.000000 -0.000000 1.000000
-0.538282 -0.762819 -0.358273 0.000000
-0.014179 -0.416859 0.908860 0.000000
-0.842645 0.494303 0.213572 -0.000000
-37.262829 -9.416011 -148.158905 1.000000
ChildCount: 1
Child index: 178
mixamorig:RightHandThumb1
Index: 26
Parent Index: 137
1.000000 0.000000 -0.000000 0.000000
0.000000 1.000000 -0.000000 0.000000
-0.000000 -0.000000 1.000000 -0.000000
0.000000 0.000000 -0.000000 1.000000
0.750570 -0.613373 -0.245800 0.000000
0.080128 -0.284749 0.955247 0.000000
-0.655914 -0.736676 -0.164576 -0.000000
43.503712 -10.597550 -141.741928 1.000000
ChildCount: 1
Child index: 138
mixamorig:Neck
Index: 27
Parent Index: 59
1.000000 0.000000 -0.000000 0.000000
0.000000 1.000000 -0.000000 0.000000
-0.000000 -0.000000 1.000000 -0.000000
0.000000 0.000000 -0.000000 1.000000
1.000000 0.000000 -0.000000 0.000000
0.000000 1.000000 -0.000000 0.000000
-0.000000 -0.000000 1.000000 -0.000000
-0.000561 -148.256149 -2.395126 1.000000
ChildCount: 1
Child index: 28
mixamorig:Head
Index: 28
Parent Index: 27
1.000000 0.000000 -0.000000 0.000000
0.000000 1.000000 -0.000000 0.000000
-0.000000 -0.000000 1.000000 -0.000000
0.000000 7.061111 -2.298922 1.000000
1.000000 0.000000 -0.000000 0.000000
0.000000 1.000000 -0.000000 0.000000
-0.000000 -0.000000 1.000000 -0.000000
-0.000561 -155.317261 -0.096204 1.000000
ChildCount: 1
Child index: 60
mixamorig:LeftHandMiddle3
Index: 29
Parent Index: 101
1.000000 0.000000 -0.000000 0.000000
0.000000 1.000000 -0.000000 0.000000
-0.000000 -0.000000 1.000000 -0.000000
0.000000 0.000000 -0.000000 1.000000
-0.015713 0.910538 0.413127 0.000000
-0.029524 -0.413421 0.910061 0.000000
0.999441 0.002102 0.033378 -0.000000
5.068299 -29.653715 -152.078918 1.000000
ChildCount: 1
Child index: 102
mixamorig:LeftHandMiddle2
Index: 30
Parent Index: 98
1.000000 0.000000 -0.000000 0.000000
0.000000 1.000000 -0.000000 0.000000
-0.000000 -0.000000 1.000000 -0.000000
0.000000 0.000000 -0.000000 1.000000
-0.015713 0.895341 0.445104 0.000000
-0.029524 -0.445380 0.894854 0.000000
0.999441 0.000919 0.033432 -0.000000
5.055688 -19.908745 -153.033417 1.000000
ChildCount: 1
Child index: 99
mixamorig:LeftHandIndex2
Index: 31
Parent Index: 88
1.000000 0.000000 -0.000000 0.000000
0.000000 1.000000 -0.000000 0.000000
-0.000000 -0.000000 1.000000 -0.000000
0.000000 0.000000 -0.000000 1.000000
0.022190 0.873455 0.486400 0.000000
-0.032644 -0.485627 0.873557 0.000000
0.999221 -0.035263 0.017737 -0.000000
5.566783 -12.824123 -153.999054 1.000000
ChildCount: 1
Child index: 89
mixamorig:LeftHandIndex3
Index: 32
Parent Index: 91
1.000000 0.000000 -0.000000 0.000000
0.000000 1.000000 -0.000000 0.000000
-0.000000 -0.000000 1.000000 -0.000000
0.000000 0.000000 -0.000000 1.000000
0.022190 0.847588 0.530190 0.000000
-0.032644 -0.529424 0.847729 0.000000
0.999221 -0.036119 0.015921 -0.000000
5.582127 -9.027411 -154.658264 1.000000
ChildCount: 1
Child index: 92
mixamorig:LeftHandIndex1
Index: 33
Parent Index: 85
1.000000 0.000000 -0.000000 0.000000
0.000000 1.000000 -0.000000 0.000000
-0.000000 -0.000000 1.000000 -0.000000
0.000000 0.000000 -0.000000 1.000000
0.022190 0.931118 0.364042 0.000000
-0.032644 -0.363263 0.931114 0.000000
0.999221 -0.032546 0.022335 -0.000000
5.607719 -29.067699 -150.858444 1.000000
ChildCount: 1
Child index: 86
mixamorig:LeftHandRing2
Index: 34
Parent Index: 108
1.000000 0.000000 -0.000000 0.000000
0.000000 1.000000 -0.000000 0.000000
-0.000000 -0.000000 1.000000 -0.000000
0.000000 0.000000 -0.000000 1.000000
-0.255758 0.846889 0.466226 0.000000
-0.008710 -0.484264 0.874879 0.000000
0.966702 0.219696 0.131231 -0.000000
19.310032 -11.196411 -152.497314 1.000000
ChildCount: 1
Child index: 109
mixamorig:LeftHandPinky2
Index: 35
Parent Index: 118
1.000000 0.000000 -0.000000 0.000000
0.000000 1.000000 -0.000000 0.000000
-0.000000 -0.000000 1.000000 -0.000000
0.000000 0.000000 -0.000000 1.000000
-0.486102 0.715522 0.501731 0.000000
0.013160 -0.568069 0.822876 0.000000
0.873803 0.406605 0.266723 -0.000000
32.935398 10.209105 -149.509583 1.000000
ChildCount: 1
Child index: 119
mixamorig:LeftHandPinky3
Index: 36
Parent Index: 121
1.000000 0.000000 -0.000000 0.000000
0.000000 1.000000 -0.000000 0.000000
-0.000000 -0.000000 1.000000 -0.000000
0.000000 0.000000 -0.000000 1.000000
-0.486102 0.785753 0.382487 0.000000
0.013160 -0.431046 0.902234 0.000000
0.873803 0.443611 0.199192 -0.000000
32.891785 -17.299568 -148.642441 1.000000
ChildCount: 1
Child index: 122
mixamorig:LeftHandRing3
Index: 37
Parent Index: 111
1.000000 0.000000 -0.000000 0.000000
0.000000 1.000000 -0.000000 0.000000
-0.000000 -0.000000 1.000000 -0.000000
0.000000 0.000000 -0.000000 1.000000
-0.255758 0.892338 0.371916 0.000000
-0.008710 -0.386823 0.922113 0.000000
0.966702 0.232598 0.106705 -0.000000
19.309950 -31.752514 -149.943039 1.000000
ChildCount: 1
Child index: 112
mixamorig:LeftHandThumb2
Index: 38
Parent Index: 78
1.000000 0.000000 -0.000000 0.000000
0.000000 1.000000 -0.000000 0.000000
-0.000000 -0.000000 1.000000 -0.000000
0.000000 0.000000 -0.000000 1.000000
0.766556 0.546788 0.336771 0.000000
-0.082882 -0.435795 0.896222 0.000000
0.636806 -0.714917 -0.288743 -0.000000
-44.126297 9.848262 -141.841614 1.000000
ChildCount: 1
Child index: 79
mixamorig:LeftHandThumb3
Index: 39
Parent Index: 81
1.000000 0.000000 -0.000000 0.000000
0.000000 1.000000 -0.000000 0.000000
-0.000000 -0.000000 1.000000 -0.000000
0.000000 0.000000 -0.000000 1.000000
0.766556 0.553258 0.326033 0.000000
-0.082882 -0.418217 0.904558 0.000000
0.636806 -0.720417 -0.274732 -0.000000
-44.193489 2.265641 -141.912857 1.000000
ChildCount: 1
Child index: 82
mixamorig:RightHandThumb2
Index: 40
Parent Index: 140
1.000000 0.000000 -0.000000 0.000000
0.000000 1.000000 -0.000000 0.000000
-0.000000 -0.000000 1.000000 -0.000000
0.000000 0.000000 -0.000000 1.000000
0.750570 -0.563980 -0.344341 0.000000
0.080128 -0.439579 0.894623 0.000000
-0.655914 -0.699069 -0.284744 -0.000000
43.224213 9.238643 -142.184402 1.000000
ChildCount: 1
Child index: 141
mixamorig:RightHandRing1
Index: 41
Parent Index: 167
1.000000 0.000000 -0.000000 0.000000
0.000000 1.000000 -0.000000 0.000000
-0.000000 -0.000000 1.000000 -0.000000
0.000000 0.000000 -0.000000 1.000000
-0.252329 -0.887253 -0.386149 0.000000
0.012229 -0.401954 0.915578 0.000000
-0.967564 0.226305 0.112275 -0.000000
-19.453127 -20.647053 -150.802582 1.000000
ChildCount: 1
Child index: 168
mixamorig:RightHandMiddle3
Index: 42
Parent Index: 163
1.000000 0.000000 -0.000000 0.000000
0.000000 1.000000 -0.000000 0.000000
-0.000000 -0.000000 1.000000 -0.000000
0.000000 0.000000 -0.000000 1.000000
-0.021113 -0.894278 -0.447013 0.000000
0.031298 -0.447485 0.893744 0.000000
-0.999287 0.004879 0.037437 -0.000000
-5.827631 -23.817097 -153.066895 1.000000
ChildCount: 1
Child index: 164
mixamorig:RightHandMiddle2
Index: 43
Parent Index: 160
1.000000 0.000000 -0.000000 0.000000
0.000000 1.000000 -0.000000 0.000000
-0.000000 -0.000000 1.000000 -0.000000
0.000000 0.000000 -0.000000 1.000000
-0.021113 -0.888000 -0.459359 0.000000
0.031298 -0.459823 0.887459 0.000000
-0.999287 0.004360 0.037500 -0.000000
-5.809974 -17.273664 -153.382126 1.000000
ChildCount: 1
Child index: 161
mixamorig:RightHandIndex2
Index: 44
Parent Index: 150
1.000000 0.000000 -0.000000 0.000000
0.000000 1.000000 -0.000000 0.000000
-0.000000 -0.000000 1.000000 -0.000000
0.000000 0.000000 -0.000000 1.000000
0.046937 -0.862405 -0.504038 0.000000
0.036567 -0.502772 0.863645 0.000000
-0.998228 -0.058968 0.007937 -0.000000
-4.000031 -9.780466 -154.364304 1.000000
ChildCount: 1
Child index: 151
mixamorig:RightHandIndex3
Index: 45
Parent Index: 153
1.000000 0.000000 -0.000000 0.000000
0.000000 1.000000 -0.000000 0.000000
-0.000000 -0.000000 1.000000 -0.000000
0.000000 0.000000 -0.000000 1.000000
0.046937 -0.897127 -0.439271 0.000000
0.036567 -0.437917 0.898271 0.000000
-0.998228 -0.058225 0.012251 -0.000000
-4.032510 -25.152639 -152.929001 1.000000
ChildCount: 1
Child index: 154
mixamorig:RightHandIndex1
Index: 46
Parent Index: 147
1.000000 0.000000 -0.000000 0.000000
0.000000 1.000000 -0.000000 0.000000
-0.000000 -0.000000 1.000000 -0.000000
0.000000 0.000000 -0.000000 1.000000
0.046937 -0.927311 -0.371336 0.000000
0.036567 -0.369901 0.928351 0.000000
-0.998228 -0.057153 0.016547 -0.000000
-4.032753 -28.025494 -151.233841 1.000000
ChildCount: 1
Child index: 148
mixamorig:RightHandRing2
Index: 47
Parent Index: 170
1.000000 0.000000 -0.000000 0.000000
0.000000 1.000000 -0.000000 0.000000
-0.000000 -0.000000 1.000000 -0.000000
0.000000 0.000000 -0.000000 1.000000
-0.252330 -0.844765 -0.471912 0.000000
0.012229 -0.490438 0.871390 0.000000
-0.967564 0.214107 0.134083 -0.000000
-19.453186 -10.231607 -152.559647 1.000000
ChildCount: 1
Child index: 171
mixamorig:RightHandRing3
Index: 48
Parent Index: 173
1.000000 0.000000 -0.000000 0.000000
0.000000 1.000000 -0.000000 0.000000
-0.000000 -0.000000 1.000000 -0.000000
0.000000 0.000000 -0.000000 1.000000
-0.252330 -0.927022 -0.277418 0.000000
0.012229 -0.289727 0.957031 0.000000
-0.967564 0.238095 0.084443 -0.000000
-19.452639 -47.136181 -145.806427 1.000000
ChildCount: 1
Child index: 174
mixamorig:RightHandPinky2
Index: 49
Parent Index: 180
1.000000 0.000000 -0.000000 0.000000
0.000000 1.000000 -0.000000 0.000000
-0.000000 -0.000000 1.000000 -0.000000
0.000000 0.000000 -0.000000 1.000000
-0.538282 -0.685983 -0.489570 0.000000
-0.014179 -0.573456 0.819113 0.000000
-0.842645 0.447856 0.298955 -0.000000
-37.279499 12.941370 -148.247604 1.000000
ChildCount: 1
Child index: 181
mixamorig:RightHandPinky3
Index: 50
Parent Index: 183
1.000000 0.000000 -0.000000 0.000000
0.000000 1.000000 -0.000000 0.000000
-0.000000 -0.000000 1.000000 -0.000000
0.000000 0.000000 -0.000000 1.000000
-0.538282 -0.795661 -0.277806 0.000000
-0.014179 -0.321040 0.946960 0.000000
-0.842645 0.513671 0.161529 -0.000000
-37.218147 -32.633575 -144.907776 1.000000
ChildCount: 1
Child index: 184
mixamorig:RightHandThumb3
Index: 51
Parent Index: 143
1.000000 0.000000 -0.000000 0.000000
0.000000 1.000000 -0.000000 0.000000
-0.000000 -0.000000 1.000000 -0.000000
0.000000 0.000000 -0.000000 1.000000
0.750570 -0.577830 -0.320556 0.000000
0.080129 -0.401941 0.912153 0.000000
-0.655914 -0.710321 -0.255385 -0.000000
43.098911 -1.432159 -142.248169 1.000000
ChildCount: 1
Child index: 144
RootNode
Index: 52
Parent Index: -1
1.000000 0.000000 -0.000000 0.000000
0.000000 1.000000 -0.000000 0.000000
-0.000000 -0.000000 1.000000 -0.000000
0.000000 0.000000 -0.000000 1.000000
1.000000 0.000000 0.000000 0.000000
0.000000 1.000000 0.000000 0.000000
0.000000 0.000000 1.000000 0.000000
0.000000 0.000000 0.000000 1.000000
ChildCount: 2
Child index: 53
Child index: 3
Ch24
Index: 53
Parent Index: 52
1.000000 0.000000 -0.000000 0.000000
0.000000 1.000000 -0.000000 0.000000
-0.000000 -0.000000 1.000000 -0.000000
0.000000 0.000000 -0.000000 1.000000
1.000000 0.000000 0.000000 0.000000
0.000000 1.000000 0.000000 0.000000
0.000000 0.000000 1.000000 0.000000
0.000000 0.000000 0.000000 1.000000
ChildCount: 0
mixamorig:Spine_$AssimpFbx$_Translation
Index: 54
Parent Index: 3
1.000000 0.000000 -0.000000 0.000000
0.000000 1.000000 -0.000000 0.000000
-0.000000 -0.000000 1.000000 -0.000000
0.000000 10.969727 0.921656 1.000000
1.000000 0.000000 0.000000 0.000000
0.000000 1.000000 0.000000 0.000000
0.000000 0.000000 1.000000 0.000000
0.000000 0.000000 0.000000 1.000000
ChildCount: 1
Child index: 55
mixamorig:Spine_$AssimpFbx$_PreRotation
Index: 55
Parent Index: 54
1.000000 0.000000 -0.000000 0.000000
0.000000 0.996489 0.083723 0.000000
-0.000000 -0.083723 0.996489 -0.000000
0.000000 0.000000 -0.000000 1.000000
1.000000 0.000000 0.000000 0.000000
0.000000 1.000000 0.000000 0.000000
0.000000 0.000000 1.000000 0.000000
0.000000 0.000000 0.000000 1.000000
ChildCount: 1
Child index: 56
mixamorig:Spine_$AssimpFbx$_Rotation
Index: 56
Parent Index: 55
1.000000 0.000000 -0.000000 0.000000
0.000000 1.000000 -0.000000 0.000000
-0.000000 -0.000000 1.000000 -0.000000
0.000000 0.000000 -0.000000 1.000000
1.000000 0.000000 0.000000 0.000000
0.000000 1.000000 0.000000 0.000000
0.000000 0.000000 1.000000 0.000000
0.000000 0.000000 0.000000 1.000000
ChildCount: 1
Child index: 1
mixamorig:Neck_$AssimpFbx$_Translation
Index: 57
Parent Index: 0
1.000000 0.000000 -0.000000 0.000000
0.000000 1.000000 -0.000000 0.000000
-0.000000 -0.000000 1.000000 -0.000000
0.000000 16.512548 0.000002 1.000000
1.000000 0.000000 0.000000 0.000000
0.000000 1.000000 0.000000 0.000000
0.000000 0.000000 1.000000 0.000000
0.000000 0.000000 0.000000 1.000000
ChildCount: 1
Child index: 58
mixamorig:Neck_$AssimpFbx$_PreRotation
Index: 58
Parent Index: 57
1.000000 0.000000 -0.000000 0.000000
0.000000 0.996489 -0.083723 0.000000
-0.000000 0.083723 0.996489 -0.000000
0.000000 0.000000 -0.000000 1.000000
1.000000 0.000000 0.000000 0.000000
0.000000 1.000000 0.000000 0.000000
0.000000 0.000000 1.000000 0.000000
0.000000 0.000000 0.000000 1.000000
ChildCount: 1
Child index: 59
mixamorig:Neck_$AssimpFbx$_Rotation
Index: 59
Parent Index: 58
1.000000 0.000000 -0.000000 0.000000
0.000000 1.000000 -0.000000 0.000000
-0.000000 -0.000000 1.000000 -0.000000
0.000000 0.000000 -0.000000 1.000000
1.000000 0.000000 0.000000 0.000000
0.000000 1.000000 0.000000 0.000000
0.000000 0.000000 1.000000 0.000000
0.000000 0.000000 0.000000 1.000000
ChildCount: 1
Child index: 27
mixamorig:HeadTop_End
Index: 60
Parent Index: 28
1.000000 0.000000 -0.000000 0.000000
0.000000 1.000000 -0.000000 0.000000
-0.000000 -0.000000 1.000000 -0.000000
0.000000 18.930359 -6.163255 1.000000
1.000000 0.000000 0.000000 0.000000
0.000000 1.000000 0.000000 0.000000
0.000000 0.000000 1.000000 0.000000
0.000000 0.000000 0.000000 1.000000
ChildCount: 0
mixamorig:LeftShoulder_$AssimpFbx$_Translation
Index: 61
Parent Index: 0
1.000000 0.000000 -0.000000 0.000000
0.000000 1.000000 -0.000000 0.000000
-0.000000 -0.000000 1.000000 -0.000000
6.916856 14.057087 0.221947 1.000000
1.000000 0.000000 0.000000 0.000000
0.000000 1.000000 0.000000 0.000000
0.000000 0.000000 1.000000 0.000000
0.000000 0.000000 0.000000 1.000000
ChildCount: 1
Child index: 62
mixamorig:LeftShoulder_$AssimpFbx$_PreRotation
Index: 62
Parent Index: 61
-0.033254 0.000583 0.999447 0.000000
0.937019 -0.347866 0.031380 0.000000
0.347692 0.937544 0.011022 -0.000000
0.000000 0.000000 -0.000000 1.000000
1.000000 0.000000 0.000000 0.000000
0.000000 1.000000 0.000000 0.000000
0.000000 0.000000 1.000000 0.000000
0.000000 0.000000 0.000000 1.000000
ChildCount: 1
Child index: 63
mixamorig:LeftShoulder_$AssimpFbx$_Rotation
Index: 63
Parent Index: 62
1.000000 0.000000 -0.000000 0.000000
0.000000 1.000000 -0.000000 0.000000
-0.000000 -0.000000 1.000000 -0.000000
0.000000 0.000000 -0.000000 1.000000
1.000000 0.000000 0.000000 0.000000
0.000000 1.000000 0.000000 0.000000
0.000000 0.000000 1.000000 0.000000
0.000000 0.000000 0.000000 1.000000
ChildCount: 1
Child index: 6
mixamorig:LeftArm_$AssimpFbx$_Translation
Index: 64
Parent Index: 6
1.000000 0.000000 -0.000000 0.000000
0.000000 1.000000 -0.000000 0.000000
-0.000000 -0.000000 1.000000 -0.000000
-0.000000 14.531773 0.000000 1.000000
1.000000 0.000000 0.000000 0.000000
0.000000 1.000000 0.000000 0.000000
0.000000 0.000000 1.000000 0.000000
0.000000 0.000000 0.000000 1.000000
ChildCount: 1
Child index: 65
mixamorig:LeftArm_$AssimpFbx$_PreRotation
Index: 65
Parent Index: 64
0.999925 -0.012215 0.000000 0.000000
0.012140 0.993824 0.110306 0.000000
-0.001347 -0.110298 0.993898 -0.000000
0.000000 0.000000 -0.000000 1.000000
1.000000 0.000000 0.000000 0.000000
0.000000 1.000000 0.000000 0.000000
0.000000 0.000000 1.000000 0.000000
0.000000 0.000000 0.000000 1.000000
ChildCount: 1
Child index: 66
mixamorig:LeftArm_$AssimpFbx$_Rotation
Index: 66
Parent Index: 65
1.000000 0.000000 -0.000000 0.000000
0.000000 1.000000 -0.000000 0.000000
-0.000000 -0.000000 1.000000 -0.000000
0.000000 0.000000 -0.000000 1.000000
1.000000 0.000000 0.000000 0.000000
0.000000 1.000000 0.000000 0.000000
0.000000 0.000000 1.000000 0.000000
0.000000 0.000000 0.000000 1.000000
ChildCount: 1
Child index: 7
mixamorig:LeftForeArm_$AssimpFbx$_Translation
Index: 67
Parent Index: 7
1.000000 0.000000 -0.000000 0.000000
0.000000 1.000000 -0.000000 0.000000
-0.000000 -0.000000 1.000000 -0.000000
0.000000 21.026665 0.000000 1.000000
1.000000 0.000000 0.000000 0.000000
0.000000 1.000000 0.000000 0.000000
0.000000 0.000000 1.000000 0.000000
0.000000 0.000000 0.000000 1.000000
ChildCount: 1
Child index: 68
mixamorig:LeftForeArm_$AssimpFbx$_PreRotation
Index: 68
Parent Index: 67
0.996283 0.086141 0.000000 0.000000
-0.085945 0.994010 0.067508 0.000000
0.005815 -0.067258 0.997719 -0.000000
0.000000 0.000000 -0.000000 1.000000
1.000000 0.000000 0.000000 0.000000
0.000000 1.000000 0.000000 0.000000
0.000000 0.000000 1.000000 0.000000
0.000000 0.000000 0.000000 1.000000
ChildCount: 1
Child index: 69
mixamorig:LeftForeArm_$AssimpFbx$_Rotation
Index: 69
Parent Index: 68
1.000000 0.000000 -0.000000 0.000000
0.000000 1.000000 -0.000000 0.000000
-0.000000 -0.000000 1.000000 -0.000000
0.000000 0.000000 -0.000000 1.000000
1.000000 0.000000 0.000000 0.000000
0.000000 1.000000 0.000000 0.000000
0.000000 0.000000 1.000000 0.000000
0.000000 0.000000 0.000000 1.000000
ChildCount: 1
Child index: 9
mixamorig:LeftHand_$AssimpFbx$_Translation
Index: 70
Parent Index: 9
1.000000 0.000000 -0.000000 0.000000
0.000000 1.000000 -0.000000 0.000000
-0.000000 -0.000000 1.000000 -0.000000
-0.000000 30.838993 0.000000 1.000000
1.000000 0.000000 0.000000 0.000000
0.000000 1.000000 0.000000 0.000000
0.000000 0.000000 1.000000 0.000000
0.000000 0.000000 0.000000 1.000000
ChildCount: 1
Child index: 71
mixamorig:LeftHand_$AssimpFbx$_PreRotation
Index: 71
Parent Index: 70
0.997171 -0.042789 0.061799 0.000000
0.036836 0.994847 0.094455 0.000000
-0.065522 -0.091911 0.993609 -0.000000
0.000000 0.000000 -0.000000 1.000000
1.000000 0.000000 0.000000 0.000000
0.000000 1.000000 0.000000 0.000000
0.000000 0.000000 1.000000 0.000000
0.000000 0.000000 0.000000 1.000000
ChildCount: 1
Child index: 72
mixamorig:LeftHand_$AssimpFbx$_Rotation
Index: 72
Parent Index: 71
1.000000 0.000000 -0.000000 0.000000
0.000000 1.000000 -0.000000 0.000000
-0.000000 -0.000000 1.000000 -0.000000
0.000000 0.000000 -0.000000 1.000000
1.000000 0.000000 0.000000 0.000000
0.000000 1.000000 0.000000 0.000000
0.000000 0.000000 1.000000 0.000000
0.000000 0.000000 0.000000 1.000000
ChildCount: 1
Child index: 18
mixamorig:LeftHandThumb1_$AssimpFbx$_Translation
Index: 73
Parent Index: 18
1.000000 0.000000 -0.000000 0.000000
0.000000 1.000000 -0.000000 0.000000
-0.000000 -0.000000 1.000000 -0.000000
-3.846627 2.902224 -1.282104 1.000000
1.000000 0.000000 0.000000 0.000000
0.000000 1.000000 0.000000 0.000000
0.000000 0.000000 1.000000 0.000000
0.000000 0.000000 0.000000 1.000000
ChildCount: 1
Child index: 74
mixamorig:LeftHandThumb1_$AssimpFbx$_PreRotation
Index: 74
Parent Index: 73
0.644945 0.764229 0.000000 0.000000
-0.738462 0.623199 -0.257482 0.000000
-0.196775 0.166061 0.966283 -0.000000
0.000000 0.000000 -0.000000 1.000000
1.000000 0.000000 0.000000 0.000000
0.000000 1.000000 0.000000 0.000000
0.000000 0.000000 1.000000 0.000000
0.000000 0.000000 0.000000 1.000000
ChildCount: 1
Child index: 75
mixamorig:LeftHandThumb1_$AssimpFbx$_Rotation
Index: 75
Parent Index: 74
1.000000 0.000000 -0.000000 0.000000
0.000000 1.000000 -0.000000 0.000000
-0.000000 -0.000000 1.000000 -0.000000
0.000000 0.000000 -0.000000 1.000000
1.000000 0.000000 0.000000 0.000000
0.000000 1.000000 0.000000 0.000000
0.000000 0.000000 1.000000 0.000000
0.000000 0.000000 0.000000 1.000000
ChildCount: 1
Child index: 20
mixamorig:LeftHandThumb2_$AssimpFbx$_Translation
Index: 76
Parent Index: 20
1.000000 0.000000 -0.000000 0.000000
0.000000 1.000000 -0.000000 0.000000
-0.000000 -0.000000 1.000000 -0.000000
-0.210321 3.983491 0.000000 1.000000
1.000000 0.000000 0.000000 0.000000
0.000000 1.000000 0.000000 0.000000
0.000000 0.000000 1.000000 0.000000
0.000000 0.000000 0.000000 1.000000
ChildCount: 1
Child index: 77
mixamorig:LeftHandThumb2_$AssimpFbx$_PreRotation
Index: 77
Parent Index: 76
1.000000 0.000000 -0.000000 0.000000
0.000000 0.986699 -0.162561 0.000000
-0.000000 0.162561 0.986699 -0.000000
0.000000 0.000000 -0.000000 1.000000
1.000000 0.000000 0.000000 0.000000
0.000000 1.000000 0.000000 0.000000
0.000000 0.000000 1.000000 0.000000
0.000000 0.000000 0.000000 1.000000
ChildCount: 1
Child index: 78
mixamorig:LeftHandThumb2_$AssimpFbx$_Rotation
Index: 78
Parent Index: 77
1.000000 0.000000 -0.000000 0.000000
0.000000 1.000000 -0.000000 0.000000
-0.000000 -0.000000 1.000000 -0.000000
0.000000 0.000000 -0.000000 1.000000
1.000000 0.000000 0.000000 0.000000
0.000000 1.000000 0.000000 0.000000
0.000000 0.000000 1.000000 0.000000
0.000000 0.000000 0.000000 1.000000
ChildCount: 1
Child index: 38
mixamorig:LeftHandThumb3_$AssimpFbx$_Translation
Index: 79
Parent Index: 38
1.000000 0.000000 -0.000000 0.000000
0.000000 1.000000 -0.000000 0.000000
-0.000000 -0.000000 1.000000 -0.000000
0.067203 4.812805 0.000000 1.000000
1.000000 0.000000 0.000000 0.000000
0.000000 1.000000 0.000000 0.000000
0.000000 0.000000 1.000000 0.000000
0.000000 0.000000 0.000000 1.000000
ChildCount: 1
Child index: 80
mixamorig:LeftHandThumb3_$AssimpFbx$_PreRotation
Index: 80
Parent Index: 79
1.000000 0.000000 -0.000000 0.000000
0.000000 0.999809 0.019521 0.000000
-0.000000 -0.019521 0.999809 -0.000000
0.000000 0.000000 -0.000000 1.000000
1.000000 0.000000 0.000000 0.000000
0.000000 1.000000 0.000000 0.000000
0.000000 0.000000 1.000000 0.000000
0.000000 0.000000 0.000000 1.000000
ChildCount: 1
Child index: 81
mixamorig:LeftHandThumb3_$AssimpFbx$_Rotation
Index: 81
Parent Index: 80
1.000000 0.000000 -0.000000 0.000000
0.000000 1.000000 -0.000000 0.000000
-0.000000 -0.000000 1.000000 -0.000000
0.000000 0.000000 -0.000000 1.000000
1.000000 0.000000 0.000000 0.000000
0.000000 1.000000 0.000000 0.000000
0.000000 0.000000 1.000000 0.000000
0.000000 0.000000 0.000000 1.000000
ChildCount: 1
Child index: 39
mixamorig:LeftHandThumb4
Index: 82
Parent Index: 39
1.000000 0.000000 -0.000000 0.000000
0.000000 1.000000 -0.000000 0.000000
-0.000000 -0.000000 1.000000 -0.000000
0.143118 4.133610 -0.000000 1.000000
1.000000 0.000000 0.000000 0.000000
0.000000 1.000000 0.000000 0.000000
0.000000 0.000000 1.000000 0.000000
0.000000 0.000000 0.000000 1.000000
ChildCount: 0
mixamorig:LeftHandIndex1_$AssimpFbx$_Translation
Index: 83
Parent Index: 18
1.000000 0.000000 -0.000000 0.000000
0.000000 1.000000 -0.000000 0.000000
-0.000000 -0.000000 1.000000 -0.000000
-4.320343 10.638165 0.562882 1.000000
1.000000 0.000000 0.000000 0.000000
0.000000 1.000000 0.000000 0.000000
0.000000 0.000000 1.000000 0.000000
0.000000 0.000000 0.000000 1.000000
ChildCount: 1
Child index: 84
mixamorig:LeftHandIndex1_$AssimpFbx$_PreRotation
Index: 84
Parent Index: 83
0.999894 0.014589 -0.000000 0.000000
-0.013978 0.958027 -0.286337 0.000000
-0.004177 0.286306 0.958129 -0.000000
0.000000 0.000000 -0.000000 1.000000
1.000000 0.000000 0.000000 0.000000
0.000000 1.000000 0.000000 0.000000
0.000000 0.000000 1.000000 0.000000
0.000000 0.000000 0.000000 1.000000
ChildCount: 1
Child index: 85
mixamorig:LeftHandIndex1_$AssimpFbx$_Rotation
Index: 85
Parent Index: 84
1.000000 0.000000 -0.000000 0.000000
0.000000 1.000000 -0.000000 0.000000
-0.000000 -0.000000 1.000000 -0.000000
0.000000 0.000000 -0.000000 1.000000
1.000000 0.000000 0.000000 0.000000
0.000000 1.000000 0.000000 0.000000
0.000000 0.000000 1.000000 0.000000
0.000000 0.000000 0.000000 1.000000
ChildCount: 1
Child index: 33
mixamorig:LeftHandIndex2_$AssimpFbx$_Translation
Index: 86
Parent Index: 33
1.000000 0.000000 -0.000000 0.000000
0.000000 1.000000 -0.000000 0.000000
-0.000000 -0.000000 1.000000 -0.000000
0.040931 4.426897 -0.000000 1.000000
1.000000 0.000000 0.000000 0.000000
0.000000 1.000000 0.000000 0.000000
0.000000 0.000000 1.000000 0.000000
0.000000 0.000000 0.000000 1.000000
ChildCount: 1
Child index: 87
mixamorig:LeftHandIndex2_$AssimpFbx$_PreRotation
Index: 87
Parent Index: 86
1.000000 0.000000 -0.000000 0.000000
0.000000 0.990847 -0.134988 0.000000
-0.000000 0.134988 0.990847 -0.000000
0.000000 0.000000 -0.000000 1.000000
1.000000 0.000000 0.000000 0.000000
0.000000 1.000000 0.000000 0.000000
0.000000 0.000000 1.000000 0.000000
0.000000 0.000000 0.000000 1.000000
ChildCount: 1
Child index: 88
mixamorig:LeftHandIndex2_$AssimpFbx$_Rotation
Index: 88
Parent Index: 87
1.000000 0.000000 -0.000000 0.000000
0.000000 1.000000 -0.000000 0.000000
-0.000000 -0.000000 1.000000 -0.000000
0.000000 0.000000 -0.000000 1.000000
1.000000 0.000000 0.000000 0.000000
0.000000 1.000000 0.000000 0.000000
0.000000 0.000000 1.000000 0.000000
0.000000 0.000000 0.000000 1.000000
ChildCount: 1
Child index: 31
mixamorig:LeftHandIndex3_$AssimpFbx$_Translation
Index: 89
Parent Index: 31
1.000000 0.000000 -0.000000 0.000000
0.000000 1.000000 -0.000000 0.000000
-0.000000 -0.000000 1.000000 -0.000000
-0.015342 4.056708 0.000000 1.000000
1.000000 0.000000 0.000000 0.000000
0.000000 1.000000 0.000000 0.000000
0.000000 0.000000 1.000000 0.000000
0.000000 0.000000 0.000000 1.000000
ChildCount: 1
Child index: 90
mixamorig:LeftHandIndex3_$AssimpFbx$_PreRotation
Index: 90
Parent Index: 89
1.000000 0.000000 -0.000000 0.000000
0.000000 0.998706 -0.050854 0.000000
-0.000000 0.050854 0.998706 -0.000000
0.000000 0.000000 -0.000000 1.000000
1.000000 0.000000 0.000000 0.000000
0.000000 1.000000 0.000000 0.000000
0.000000 0.000000 1.000000 0.000000
0.000000 0.000000 0.000000 1.000000
ChildCount: 1
Child index: 91
mixamorig:LeftHandIndex3_$AssimpFbx$_Rotation
Index: 91
Parent Index: 90
1.000000 0.000000 -0.000000 0.000000
0.000000 1.000000 -0.000000 0.000000
-0.000000 -0.000000 1.000000 -0.000000
0.000000 0.000000 -0.000000 1.000000
1.000000 0.000000 0.000000 0.000000
0.000000 1.000000 0.000000 0.000000
0.000000 0.000000 1.000000 0.000000
0.000000 0.000000 0.000000 1.000000
ChildCount: 1
Child index: 32
mixamorig:LeftHandIndex4
Index: 92
Parent Index: 32
1.000000 0.000000 -0.000000 0.000000
0.000000 1.000000 -0.000000 0.000000
-0.000000 -0.000000 1.000000 -0.000000
-0.025589 3.191630 -0.000000 1.000000
1.000000 0.000000 0.000000 0.000000
0.000000 1.000000 0.000000 0.000000
0.000000 0.000000 1.000000 0.000000
0.000000 0.000000 0.000000 1.000000
ChildCount: 0
mixamorig:LeftHandMiddle1_$AssimpFbx$_Translation
Index: 93
Parent Index: 18
1.000000 0.000000 -0.000000 0.000000
0.000000 1.000000 -0.000000 0.000000
-0.000000 -0.000000 1.000000 -0.000000
-1.082486 10.618980 0.539923 1.000000
1.000000 0.000000 0.000000 0.000000
0.000000 1.000000 0.000000 0.000000
0.000000 0.000000 1.000000 0.000000
0.000000 0.000000 0.000000 1.000000
ChildCount: 1
Child index: 94
mixamorig:LeftHandMiddle1_$AssimpFbx$_PreRotation
Index: 94
Parent Index: 93
0.999725 -0.023442 0.000000 0.000000
0.022294 0.950772 -0.309090 0.000000
0.007246 0.309005 0.951033 -0.000000
0.000000 0.000000 -0.000000 1.000000
1.000000 0.000000 0.000000 0.000000
0.000000 1.000000 0.000000 0.000000
0.000000 0.000000 1.000000 0.000000
0.000000 0.000000 0.000000 1.000000
ChildCount: 1
Child index: 95
mixamorig:LeftHandMiddle1_$AssimpFbx$_Rotation
Index: 95
Parent Index: 94
1.000000 0.000000 -0.000000 0.000000
0.000000 1.000000 -0.000000 0.000000
-0.000000 -0.000000 1.000000 -0.000000
0.000000 0.000000 -0.000000 1.000000
1.000000 0.000000 0.000000 0.000000
0.000000 1.000000 0.000000 0.000000
0.000000 0.000000 1.000000 0.000000
0.000000 0.000000 0.000000 1.000000
ChildCount: 1
Child index: 22
mixamorig:LeftHandMiddle2_$AssimpFbx$_Translation
Index: 96
Parent Index: 22
1.000000 0.000000 -0.000000 0.000000
0.000000 1.000000 -0.000000 0.000000
-0.000000 -0.000000 1.000000 -0.000000
0.012101 4.506927 0.000000 1.000000
1.000000 0.000000 0.000000 0.000000
0.000000 1.000000 0.000000 0.000000
0.000000 0.000000 1.000000 0.000000
0.000000 0.000000 0.000000 1.000000
ChildCount: 1
Child index: 97
mixamorig:LeftHandMiddle2_$AssimpFbx$_PreRotation
Index: 97
Parent Index: 96
1.000000 0.000000 -0.000000 0.000000
0.000000 0.997899 -0.064782 0.000000
-0.000000 0.064782 0.997899 -0.000000
0.000000 0.000000 -0.000000 1.000000
1.000000 0.000000 0.000000 0.000000
0.000000 1.000000 0.000000 0.000000
0.000000 0.000000 1.000000 0.000000
0.000000 0.000000 0.000000 1.000000
ChildCount: 1
Child index: 98
mixamorig:LeftHandMiddle2_$AssimpFbx$_Rotation
Index: 98
Parent Index: 97
1.000000 0.000000 -0.000000 0.000000
0.000000 1.000000 -0.000000 0.000000
-0.000000 -0.000000 1.000000 -0.000000
0.000000 0.000000 -0.000000 1.000000
1.000000 0.000000 0.000000 0.000000
0.000000 1.000000 0.000000 0.000000
0.000000 0.000000 1.000000 0.000000
0.000000 0.000000 0.000000 1.000000
ChildCount: 1
Child index: 30
