MaterialCount: 2
DiffuseMapName Taunt_diffuse0.png
Ambient: 0.000000 0.000000 0.000000 1.000000
Diffuse: 0.800000 0.800000 0.800000 1.000000
Specular: 0.500000 0.500000 0.500000 1.000000
Power: 20.000000
DiffuseMapName Taunt_diffuse1.png
Ambient: 0.000000 0.000000 0.000000 1.000000
Diffuse: 0.800000 0.800000 0.800000 1.000000
Specular: 0.000000 0.000000 0.000000 1.000000
Power: 20.000000
