BonesCount: 217
mixamorig8:LeftLeg
Index: 0
Parent Index: 191
1.000000 0.000000 -0.000000 0.000000
0.000000 1.000000 -0.000000 0.000000
-0.000000 -0.000000 1.000000 -0.000000
0.000000 0.000000 -0.000000 1.000000
-0.997881 0.064852 -0.005304 0.000000
-0.065010 -0.990192 0.123670 0.000000
0.002768 0.123753 0.992309 -0.000000
15.428552 48.309383 -7.145335 1.000000
ChildCount: 1
Child index: 192
mixamorig8:LeftFoot
Index: 1
Parent Index: 194
1.000000 0.000000 -0.000000 0.000000
0.000000 1.000000 -0.000000 0.000000
-0.000000 -0.000000 1.000000 -0.000000
0.000000 0.000000 -0.000000 1.000000
-0.996760 0.069301 0.040823 0.000000
-0.070191 -0.501655 -0.862215 0.000000
-0.039273 -0.862287 0.504894 -0.000000
16.211042 11.113581 9.372298 1.000000
ChildCount: 1
Child index: 195
mixamorig8:LeftToeBase
Index: 2
Parent Index: 197
1.000000 0.000000 -0.000000 0.000000
0.000000 1.000000 -0.000000 0.000000
-0.000000 -0.000000 1.000000 -0.000000
0.000000 0.000000 -0.000000 1.000000
-0.988877 0.127558 -0.076499 0.000000
0.079487 0.018494 -0.996664 0.000000
-0.125718 -0.991659 -0.028428 -0.000000
15.062910 -7.257301 1.564347 1.000000
ChildCount: 1
Child index: 3
mixamorig8:LeftToe_End
Index: 3
Parent Index: 2
1.000000 0.000000 -0.000000 0.000000
0.000000 1.000000 -0.000000 0.000000
-0.000000 -0.000000 1.000000 -0.000000
0.000000 5.004265 -0.000000 1.000000
-0.988877 0.127558 -0.076499 0.000000
0.079487 0.018494 -0.996664 0.000000
-0.125718 -0.991659 -0.028428 -0.000000
15.062910 -12.261567 1.564347 1.000000
ChildCount: 0
mixamorig8:RightLeg
Index: 4
Parent Index: 203
1.000000 0.000000 -0.000000 0.000000
0.000000 1.000000 -0.000000 0.000000
-0.000000 -0.000000 1.000000 -0.000000
0.000000 0.000000 -0.000000 1.000000
-0.997868 -0.065263 0.000470 0.000000
0.065197 -0.996473 0.052827 0.000000
-0.002979 0.052745 0.998604 -0.000000
-15.437088 48.693253 -3.677289 1.000000
ChildCount: 1
Child index: 204
mixamorig8:RightFoot
Index: 5
Parent Index: 206
1.000000 0.000000 -0.000000 0.000000
0.000000 1.000000 -0.000000 0.000000
-0.000000 -0.000000 1.000000 -0.000000
0.000000 0.000000 -0.000000 1.000000
-0.996212 -0.084514 -0.020493 0.000000
0.068108 -0.611725 -0.788133 0.000000
0.054072 -0.786543 0.615163 -0.000000
-16.252821 12.098036 7.976282 1.000000
ChildCount: 1
Child index: 207
mixamorig8:RightToeBase
Index: 6
Parent Index: 209
1.000000 0.000000 -0.000000 0.000000
0.000000 1.000000 -0.000000 0.000000
-0.000000 -0.000000 1.000000 -0.000000
0.000000 0.000000 -0.000000 1.000000
-0.991729 -0.126388 0.022362 0.000000
-0.024886 0.018429 -0.999521 0.000000
0.125916 -0.991810 -0.021422 -0.000000
-15.116642 -7.375504 0.737325 1.000000
ChildCount: 1
Child index: 7
mixamorig8:RightToe_End
Index: 7
Parent Index: 6
1.000000 0.000000 -0.000000 0.000000
0.000000 1.000000 -0.000000 0.000000
-0.000000 -0.000000 1.000000 -0.000000
0.000000 5.050304 -0.000000 1.000000
-0.991729 -0.126388 0.022362 0.000000
-0.024886 0.018429 -0.999521 0.000000
0.125916 -0.991810 -0.021422 -0.000000
-15.116643 -12.425809 0.737325 1.000000
ChildCount: 0
mixamorig8:Spine2
Index: 8
Parent Index: 52
1.000000 0.000000 -0.000000 0.000000
0.000000 1.000000 -0.000000 0.000000
-0.000000 -0.000000 1.000000 -0.000000
0.000000 12.173028 0.000000 1.000000
1.000000 0.000000 -0.000000 0.000000
0.000000 0.999449 -0.033192 0.000000
-0.000000 0.033192 0.999449 -0.000000
-0.000206 -131.417435 4.140213 1.000000
ChildCount: 3
Child index: 59
Child index: 62
Child index: 124
mixamorig8:Neck
Index: 9
Parent Index: 61
1.000000 0.000000 -0.000000 0.000000
0.000000 1.000000 -0.000000 0.000000
-0.000000 -0.000000 1.000000 -0.000000
0.000000 0.000000 -0.000000 1.000000
1.000000 0.000000 -0.000000 0.000000
0.000000 1.000000 -0.000000 0.000000
-0.000000 0.000000 1.000000 -0.000000
-0.000206 -145.169556 -0.678591 1.000000
ChildCount: 1
Child index: 10
mixamorig8:Head
Index: 10
Parent Index: 9
1.000000 0.000000 -0.000000 0.000000
0.000000 1.000000 -0.000000 0.000000
-0.000000 -0.000000 1.000000 -0.000000
0.000000 9.016327 -1.273142 1.000000
1.000000 0.000000 -0.000000 0.000000
0.000000 1.000000 -0.000000 0.000000
-0.000000 0.000000 1.000000 -0.000000
-0.000206 -154.185883 0.594551 1.000000
ChildCount: 1
Child index: 49
mixamorig8:LeftShoulder
Index: 11
Parent Index: 64
1.000000 0.000000 -0.000000 0.000000
0.000000 1.000000 -0.000000 0.000000
-0.000000 -0.000000 1.000000 -0.000000
0.000000 0.000000 -0.000000 1.000000
-0.008308 0.962232 0.272103 0.000000
-0.033261 -0.272227 0.961658 0.000000
0.999412 -0.001061 0.034267 -0.000000
4.149369 33.207901 -139.596710 1.000000
ChildCount: 1
Child index: 65
mixamorig8:LeftArm
Index: 12
Parent Index: 67
1.000000 0.000000 -0.000000 0.000000
0.000000 1.000000 -0.000000 0.000000
-0.000000 -0.000000 1.000000 -0.000000
0.000000 0.000000 -0.000000 1.000000
-0.079591 0.993600 0.080151 0.000000
-0.012997 -0.081434 0.996594 0.000000
0.996743 0.078278 0.019395 -0.000000
2.621166 -6.861072 -140.959076 1.000000
ChildCount: 1
Child index: 68
mixamorig8:LeftForeArm
Index: 13
Parent Index: 70
1.000000 0.000000 -0.000000 0.000000
0.000000 1.000000 -0.000000 0.000000
-0.000000 -0.000000 1.000000 -0.000000
0.000000 0.000000 -0.000000 1.000000
0.038467 0.997912 -0.051874 0.000000
-0.022535 0.052766 0.998353 0.000000
0.999006 -0.037235 0.024518 -0.000000
-0.857773 -47.696514 -135.856430 1.000000
ChildCount: 1
Child index: 71
mixamorig8:LeftHand
Index: 14
Parent Index: 73
1.000000 0.000000 -0.000000 0.000000
0.000000 1.000000 -0.000000 0.000000
-0.000000 -0.000000 1.000000 -0.000000
0.000000 0.000000 -0.000000 1.000000
0.053708 0.997284 0.050396 0.000000
-0.037437 -0.048422 0.998125 0.000000
0.997855 -0.055494 0.034735 -0.000000
0.224442 -58.431786 -142.532822 1.000000
ChildCount: 5
Child index: 74
Child index: 84
Child index: 94
Child index: 104
Child index: 114
mixamorig8:LeftHandThumb1
Index: 15
Parent Index: 76
1.000000 0.000000 -0.000000 0.000000
0.000000 1.000000 -0.000000 0.000000
-0.000000 -0.000000 1.000000 -0.000000
0.000000 0.000000 -0.000000 1.000000
0.584810 0.759834 0.283991 0.000000
-0.057684 -0.310258 0.948901 0.000000
0.809117 -0.571308 -0.137611 -0.000000
-30.624424 -9.729267 -150.700378 1.000000
ChildCount: 1
Child index: 77
mixamorig8:LeftHandThumb2
Index: 16
Parent Index: 79
1.000000 0.000000 -0.000000 0.000000
0.000000 1.000000 -0.000000 0.000000
-0.000000 -0.000000 1.000000 -0.000000
0.000000 0.000000 -0.000000 1.000000
0.584810 0.729019 0.355709 0.000000
-0.057684 -0.400027 0.914686 0.000000
0.809117 -0.555436 -0.191887 -0.000000
-29.980389 1.524315 -151.254150 1.000000
ChildCount: 1
Child index: 80
mixamorig8:LeftHandThumb3
Index: 17
Parent Index: 82
1.000000 0.000000 -0.000000 0.000000
0.000000 1.000000 -0.000000 0.000000
-0.000000 -0.000000 1.000000 -0.000000
0.000000 0.000000 -0.000000 1.000000
0.584810 0.779461 0.224586 0.000000
-0.057684 -0.236204 0.969990 0.000000
0.809117 -0.580214 -0.093172 -0.000000
-30.106899 -27.651802 -148.713425 1.000000
ChildCount: 1
Child index: 83
mixamorig8:LeftHandIndex1
Index: 18
Parent Index: 86
1.000000 0.000000 -0.000000 0.000000
0.000000 1.000000 -0.000000 0.000000
-0.000000 -0.000000 1.000000 -0.000000
0.000000 0.000000 -0.000000 1.000000
0.067456 0.995485 0.066786 0.000000
-0.038101 -0.064319 0.997202 0.000000
0.996995 -0.069812 0.033590 -0.000000
2.615869 -65.100945 -143.491898 1.000000
ChildCount: 1
Child index: 87
mixamorig8:LeftHandIndex2
Index: 19
Parent Index: 89
1.000000 0.000000 -0.000000 0.000000
0.000000 1.000000 -0.000000 0.000000
-0.000000 -0.000000 1.000000 -0.000000
0.000000 0.000000 -0.000000 1.000000
0.067456 0.972141 0.224479 0.000000
-0.038101 -0.222318 0.974230 0.000000
0.996994 -0.074271 0.022043 -0.000000
2.611580 -44.370632 -152.505173 1.000000
ChildCount: 1
Child index: 90
mixamorig8:LeftHandIndex3
Index: 20
Parent Index: 92
1.000000 0.000000 -0.000000 0.000000
0.000000 1.000000 -0.000000 0.000000
-0.000000 -0.000000 1.000000 -0.000000
0.000000 0.000000 -0.000000 1.000000
0.067456 0.954787 0.289536 0.000000
-0.038101 -0.287520 0.957016 0.000000
0.996994 -0.075588 0.016984 -0.000000
2.612814 -36.816174 -155.342026 1.000000
ChildCount: 1
Child index: 93
mixamorig8:LeftHandMiddle1
Index: 21
Parent Index: 96
1.000000 0.000000 -0.000000 0.000000
0.000000 1.000000 -0.000000 0.000000
-0.000000 -0.000000 1.000000 -0.000000
0.000000 0.000000 -0.000000 1.000000
0.053386 0.997620 0.043628 0.000000
-0.037421 -0.041661 0.998431 0.000000
0.997872 -0.054935 0.035108 -0.000000
1.108657 -68.493805 -142.206909 1.000000
ChildCount: 1
Child index: 97
mixamorig8:LeftHandMiddle2
Index: 22
Parent Index: 99
1.000000 0.000000 -0.000000 0.000000
0.000000 1.000000 -0.000000 0.000000
-0.000000 -0.000000 1.000000 -0.000000
0.000000 0.000000 -0.000000 1.000000
0.053386 0.958604 0.279693 0.000000
-0.037421 -0.277975 0.959859 0.000000
0.997873 -0.061709 0.021032 -0.000000
1.104517 -35.849117 -155.189697 1.000000
ChildCount: 1
Child index: 100
mixamorig8:LeftHandMiddle3
Index: 23
Parent Index: 102
1.000000 0.000000 -0.000000 0.000000
0.000000 1.000000 -0.000000 0.000000
-0.000000 -0.000000 1.000000 -0.000000
0.000000 0.000000 -0.000000 1.000000
0.053386 0.973426 0.222692 0.000000
-0.037421 -0.220903 0.974578 0.000000
0.997873 -0.060362 0.024634 -0.000000
1.107509 -47.971542 -152.627060 1.000000
ChildCount: 1
Child index: 103
mixamorig8:LeftHandRing1
Index: 24
Parent Index: 106
1.000000 0.000000 -0.000000 0.000000
0.000000 1.000000 -0.000000 0.000000
-0.000000 -0.000000 1.000000 -0.000000
0.000000 0.000000 -0.000000 1.000000
-0.030740 0.997631 0.061535 0.000000
-0.033212 -0.062549 0.997489 0.000000
0.998975 0.028619 0.035056 -0.000000
4.756200 -65.597931 -143.414398 1.000000
ChildCount: 1
Child index: 107
mixamorig8:LeftHandRing2
Index: 25
Parent Index: 109
1.000000 0.000000 -0.000000 0.000000
0.000000 1.000000 -0.000000 0.000000
-0.000000 -0.000000 1.000000 -0.000000
0.000000 0.000000 -0.000000 1.000000
-0.030740 0.953665 0.299296 0.000000
-0.033212 -0.300247 0.953283 0.000000
0.998976 0.019364 0.040903 -0.000000
4.758076 -31.925854 -155.634552 1.000000
ChildCount: 1
Child index: 110
mixamorig8:LeftHandRing3
Index: 26
Parent Index: 112
1.000000 0.000000 -0.000000 0.000000
0.000000 1.000000 -0.000000 0.000000
-0.000000 -0.000000 1.000000 -0.000000
0.000000 0.000000 -0.000000 1.000000
-0.030740 0.950644 0.308757 0.000000
-0.033212 -0.309704 0.950253 0.000000
0.998976 0.018956 0.041093 -0.000000
4.757092 -33.127548 -155.971405 1.000000
ChildCount: 1
Child index: 113
mixamorig8:LeftHandPinky1
Index: 27
Parent Index: 116
1.000000 0.000000 -0.000000 0.000000
0.000000 1.000000 -0.000000 0.000000
-0.000000 -0.000000 1.000000 -0.000000
0.000000 0.000000 -0.000000 1.000000
-0.048352 0.997930 0.042406 0.000000
-0.032300 -0.043995 0.998510 0.000000
0.998308 0.046910 0.034360 -0.000000
4.039006 -67.915245 -141.812881 1.000000
ChildCount: 1
Child index: 117
mixamorig8:LeftHandPinky2
Index: 28
Parent Index: 119
1.000000 0.000000 -0.000000 0.000000
0.000000 1.000000 -0.000000 0.000000
-0.000000 -0.000000 1.000000 -0.000000
0.000000 0.000000 -0.000000 1.000000
-0.048352 0.975104 0.216412 0.000000
-0.032300 -0.218079 0.975397 0.000000
0.998308 0.040172 0.042040 -0.000000
4.041451 -44.496830 -151.946259 1.000000
ChildCount: 1
Child index: 120
mixamorig8:LeftHandPinky3
Index: 29
Parent Index: 122
1.000000 0.000000 -0.000000 0.000000
0.000000 1.000000 -0.000000 0.000000
-0.000000 -0.000000 1.000000 -0.000000
0.000000 0.000000 -0.000000 1.000000
-0.048352 0.897589 0.438174 0.000000
-0.032300 -0.439863 0.897484 0.000000
0.998308 0.029242 0.050260 -0.000000
4.041648 -9.861805 -158.637207 1.000000
ChildCount: 1
Child index: 123
mixamorig8:RightShoulder
Index: 30
Parent Index: 126
1.000000 0.000000 -0.000000 0.000000
0.000000 1.000000 -0.000000 0.000000
-0.000000 -0.000000 1.000000 -0.000000
0.000000 0.000000 -0.000000 1.000000
-0.010515 -0.962232 -0.272026 0.000000
0.033271 -0.272227 0.961658 0.000000
-0.999391 0.001061 0.034877 -0.000000
-4.150635 33.206825 -139.596970 1.000000
ChildCount: 1
Child index: 127
mixamorig8:RightArm
Index: 31
Parent Index: 129
1.000000 0.000000 -0.000000 0.000000
0.000000 1.000000 -0.000000 0.000000
-0.000000 -0.000000 1.000000 -0.000000
0.000000 0.000000 -0.000000 1.000000
-0.074535 -0.993994 -0.080128 0.000000
0.015078 -0.081466 0.996562 0.000000
-0.997104 0.073071 0.021060 -0.000000
-2.779181 -6.862931 -140.956131 1.000000
ChildCount: 1
Child index: 130
mixamorig8:RightForeArm
Index: 32
Parent Index: 132
1.000000 0.000000 -0.000000 0.000000
0.000000 1.000000 -0.000000 0.000000
-0.000000 -0.000000 1.000000 -0.000000
0.000000 0.000000 -0.000000 1.000000
0.037555 -0.997949 0.051841 0.000000
0.024131 0.052768 0.998315 0.000000
-0.999003 -0.036241 0.026063 -0.000000
0.523662 -47.703064 -135.854385 1.000000
ChildCount: 1
Child index: 133
mixamorig8:RightHand
Index: 33
Parent Index: 135
1.000000 0.000000 -0.000000 0.000000
0.000000 1.000000 -0.000000 0.000000
-0.000000 -0.000000 1.000000 -0.000000
0.000000 0.000000 -0.000000 1.000000
0.047699 -0.997714 -0.047863 0.000000
0.036716 -0.046134 0.998260 0.000000
-0.998187 -0.049374 0.034431 -0.000000
-0.568473 -58.790272 -142.383682 1.000000
ChildCount: 5
Child index: 136
Child index: 146
Child index: 156
Child index: 166
Child index: 176
mixamorig8:RightHandThumb1
Index: 34
Parent Index: 138
1.000000 0.000000 -0.000000 0.000000
0.000000 1.000000 -0.000000 0.000000
-0.000000 -0.000000 1.000000 -0.000000
0.000000 0.000000 -0.000000 1.000000
0.574655 -0.766596 -0.286534 0.000000
0.055715 -0.312660 0.948230 0.000000
-0.816497 -0.560869 -0.136961 -0.000000
30.171965 -9.829823 -150.781250 1.000000
ChildCount: 1
Child index: 139
mixamorig8:RightHandThumb2
Index: 35
Parent Index: 141
1.000000 0.000000 -0.000000 0.000000
0.000000 1.000000 -0.000000 0.000000
-0.000000 -0.000000 1.000000 -0.000000
0.000000 0.000000 -0.000000 1.000000
0.574655 -0.736415 -0.357021 0.000000
0.055715 -0.400030 0.914807 0.000000
-0.816497 -0.545590 -0.188850 -0.000000
29.503191 1.088387 -151.343628 1.000000
ChildCount: 1
Child index: 142
mixamorig8:RightHandThumb3
Index: 36
Parent Index: 144
1.000000 0.000000 -0.000000 0.000000
0.000000 1.000000 -0.000000 0.000000
-0.000000 -0.000000 1.000000 -0.000000
0.000000 0.000000 -0.000000 1.000000
0.574655 -0.776993 -0.257009 0.000000
0.055715 -0.276169 0.959493 0.000000
-0.816497 -0.565697 -0.115412 -0.000000
29.604904 -21.900986 -149.763992 1.000000
ChildCount: 1
Child index: 145
mixamorig8:RightHandIndex1
Index: 37
Parent Index: 148
1.000000 0.000000 -0.000000 0.000000
0.000000 1.000000 -0.000000 0.000000
-0.000000 -0.000000 1.000000 -0.000000
0.000000 0.000000 -0.000000 1.000000
0.068938 -0.995272 -0.068421 0.000000
0.037690 -0.065937 0.997112 0.000000
-0.996909 -0.071318 0.032966 -0.000000
-2.451796 -64.946777 -143.618805 1.000000
ChildCount: 1
Child index: 149
mixamorig8:RightHandIndex2
Index: 38
Parent Index: 151
1.000000 0.000000 -0.000000 0.000000
0.000000 1.000000 -0.000000 0.000000
-0.000000 -0.000000 1.000000 -0.000000
0.000000 0.000000 -0.000000 1.000000
0.068938 -0.969796 -0.233974 0.000000
0.037690 -0.231832 0.972025 0.000000
-0.996909 -0.075828 0.020569 -0.000000
-2.444181 -42.986977 -152.967026 1.000000
ChildCount: 1
Child index: 152
mixamorig8:RightHandIndex3
Index: 39
Parent Index: 154
1.000000 0.000000 -0.000000 0.000000
0.000000 1.000000 -0.000000 0.000000
-0.000000 -0.000000 1.000000 -0.000000
0.000000 0.000000 -0.000000 1.000000
0.068938 -0.940338 -0.333185 0.000000
0.037690 -0.331286 0.942777 0.000000
-0.996909 -0.077551 0.012603 -0.000000
-2.445792 -29.662895 -156.884247 1.000000
ChildCount: 1
Child index: 155
mixamorig8:RightHandMiddle1
Index: 40
Parent Index: 158
1.000000 0.000000 -0.000000 0.000000
0.000000 1.000000 -0.000000 0.000000
-0.000000 -0.000000 1.000000 -0.000000
0.000000 0.000000 -0.000000 1.000000
0.009276 -0.997134 -0.075078 0.000000
0.034913 -0.074713 0.996594 0.000000
-0.999347 -0.011866 0.034120 -0.000000
-4.137820 -63.794968 -144.377411 1.000000
ChildCount: 1
Child index: 159
mixamorig8:RightHandMiddle2
Index: 41
Parent Index: 161
1.000000 0.000000 -0.000000 0.000000
0.000000 1.000000 -0.000000 0.000000
-0.000000 -0.000000 1.000000 -0.000000
0.000000 0.000000 -0.000000 1.000000
0.009276 -0.965145 -0.261552 0.000000
0.034913 -0.261091 0.964683 0.000000
-0.999347 -0.018080 0.031275 -0.000000
-4.134143 -38.658440 -154.423111 1.000000
ChildCount: 1
Child index: 162
mixamorig8:RightHandMiddle3
Index: 42
Parent Index: 164
1.000000 0.000000 -0.000000 0.000000
0.000000 1.000000 -0.000000 0.000000
-0.000000 -0.000000 1.000000 -0.000000
0.000000 0.000000 -0.000000 1.000000
0.009276 -0.959200 -0.282574 0.000000
0.034913 -0.282103 0.958748 0.000000
-0.999347 -0.018759 0.030872 -0.000000
-4.135849 -38.331425 -155.297531 1.000000
ChildCount: 1
Child index: 165
mixamorig8:RightHandRing1
Index: 43
Parent Index: 168
1.000000 0.000000 -0.000000 0.000000
0.000000 1.000000 -0.000000 0.000000
-0.000000 -0.000000 1.000000 -0.000000
0.000000 0.000000 -0.000000 1.000000
-0.026589 -0.995977 -0.085571 0.000000
0.033185 -0.086434 0.995705 0.000000
-0.999095 0.023635 0.035350 -0.000000
-4.482349 -62.410419 -144.990921 1.000000
ChildCount: 1
Child index: 169
mixamorig8:RightHandRing2
Index: 44
Parent Index: 171
1.000000 0.000000 -0.000000 0.000000
0.000000 1.000000 -0.000000 0.000000
-0.000000 -0.000000 1.000000 -0.000000
0.000000 0.000000 -0.000000 1.000000
-0.026589 -0.950795 -0.308678 0.000000
0.033185 -0.309456 0.950335 0.000000
-0.999095 0.015025 0.039780 -0.000000
-4.480618 -30.660709 -155.971344 1.000000
ChildCount: 1
Child index: 172
mixamorig8:RightHandRing3
Index: 45
Parent Index: 174
1.000000 0.000000 -0.000000 0.000000
0.000000 1.000000 -0.000000 0.000000
-0.000000 -0.000000 1.000000 -0.000000
0.000000 0.000000 -0.000000 1.000000
-0.026589 -0.944031 -0.328783 0.000000
0.033185 -0.329552 0.943554 0.000000
-0.999095 0.014177 0.040090 -0.000000
-4.481158 -29.945740 -156.642044 1.000000
ChildCount: 1
Child index: 175
mixamorig8:RightHandPinky1
Index: 46
Parent Index: 178
1.000000 0.000000 -0.000000 0.000000
0.000000 1.000000 -0.000000 0.000000
-0.000000 -0.000000 1.000000 -0.000000
0.000000 0.000000 -0.000000 1.000000
-0.003618 -0.999663 -0.025718 0.000000
0.034297 -0.025827 0.999078 0.000000
-0.999405 0.002733 0.034379 -0.000000
-0.872500 -70.322876 -140.667267 1.000000
ChildCount: 1
Child index: 179
mixamorig8:RightHandPinky2
Index: 47
Parent Index: 181
1.000000 0.000000 -0.000000 0.000000
0.000000 1.000000 -0.000000 0.000000
-0.000000 -0.000000 1.000000 -0.000000
0.000000 0.000000 -0.000000 1.000000
-0.003618 -0.970113 -0.242626 0.000000
0.034297 -0.242605 0.969519 0.000000
-0.999405 -0.004813 0.034150 -0.000000
-0.870035 -40.534878 -153.157379 1.000000
ChildCount: 1
Child index: 182
mixamorig8:RightHandPinky3
Index: 48
Parent Index: 184
1.000000 0.000000 -0.000000 0.000000
0.000000 1.000000 -0.000000 0.000000
-0.000000 -0.000000 1.000000 -0.000000
0.000000 0.000000 -0.000000 1.000000
-0.003618 -0.964262 -0.264925 0.000000
0.034297 -0.264890 0.963668 0.000000
-0.999405 -0.005599 0.034030 -0.000000
-0.871199 -39.125607 -154.100296 1.000000
ChildCount: 1
Child index: 185
mixamorig8:HeadTop_End
Index: 49
Parent Index: 10
1.000000 0.000000 -0.000000 0.000000
0.000000 1.000000 -0.000000 0.000000
-0.000000 -0.000000 1.000000 -0.000000
0.000000 20.780304 -2.934264 1.000000
1.000000 0.000000 -0.000000 0.000000
0.000000 1.000000 -0.000000 0.000000
-0.000000 0.000000 1.000000 -0.000000
-0.000206 -174.966187 3.528815 1.000000
ChildCount: 0
mixamorig8:Hips
Index: 50
Parent Index: 55
1.000000 0.000000 -0.000000 0.000000
0.000000 1.000000 -0.000000 0.000000
-0.000000 -0.000000 1.000000 -0.000000
0.000206 99.545868 -0.836573 1.000000
1.000000 0.000000 -0.000000 0.000000
0.000000 1.000000 -0.000000 0.000000
-0.000000 -0.000000 1.000000 -0.000000
-0.000206 -99.545868 0.836573 1.000000
ChildCount: 3
Child index: 56
Child index: 186
Child index: 198
mixamorig8:Spine
Index: 51
Parent Index: 58
1.000000 0.000000 -0.000000 0.000000
0.000000 1.000000 -0.000000 0.000000
-0.000000 -0.000000 1.000000 -0.000000
0.000000 0.000000 -0.000000 1.000000
1.000000 0.000000 -0.000000 0.000000
0.000000 0.999449 -0.033192 0.000000
-0.000000 0.033192 0.999449 -0.000000
-0.000206 -108.593025 4.140213 1.000000
ChildCount: 1
Child index: 52
mixamorig8:Spine1
Index: 52
Parent Index: 51
1.000000 0.000000 -0.000000 0.000000
0.000000 1.000000 -0.000000 0.000000
-0.000000 -0.000000 1.000000 -0.000000
0.000000 10.651392 0.000000 1.000000
1.000000 0.000000 -0.000000 0.000000
0.000000 0.999449 -0.033192 0.000000
-0.000000 0.033192 0.999449 -0.000000
-0.000206 -119.244415 4.140213 1.000000
ChildCount: 1
Child index: 8
mixamorig8:LeftUpLeg
Index: 53
Parent Index: 188
1.000000 0.000000 -0.000000 0.000000
0.000000 1.000000 -0.000000 0.000000
-0.000000 -0.000000 1.000000 -0.000000
0.000000 0.000000 -0.000000 1.000000
-0.998551 0.053813 -0.000000 0.000000
-0.053765 -0.997647 0.042545 0.000000
0.002289 0.042483 0.999095 -0.000000
14.878126 93.759140 -3.183702 1.000000
ChildCount: 1
Child index: 189
mixamorig8:RightUpLeg
Index: 54
Parent Index: 200
1.000000 0.000000 -0.000000 0.000000
0.000000 1.000000 -0.000000 0.000000
-0.000000 -0.000000 1.000000 -0.000000
0.000000 0.000000 -0.000000 1.000000
-0.998551 -0.053806 -0.000000 0.000000
0.053750 -0.997511 0.045642 0.000000
-0.002456 0.045576 0.998958 -0.000000
-14.876839 93.755829 -3.326198 1.000000
ChildCount: 1
Child index: 201
RootNode
Index: 55
Parent Index: -1
1.000000 0.000000 -0.000000 0.000000
0.000000 1.000000 -0.000000 0.000000
-0.000000 -0.000000 1.000000 -0.000000
0.000000 0.000000 -0.000000 1.000000
1.000000 0.000000 0.000000 0.000000
0.000000 1.000000 0.000000 0.000000
0.000000 0.000000 1.000000 0.000000
0.000000 0.000000 0.000000 1.000000
ChildCount: 8
Child index: 50
Child index: 210
Child index: 211
Child index: 212
Child index: 213
Child index: 214
Child index: 215
Child index: 216
mixamorig8:Spine_$AssimpFbx$_Translation
Index: 56
Parent Index: 50
1.000000 0.000000 -0.000000 0.000000
0.000000 1.000000 -0.000000 0.000000
-0.000000 -0.000000 1.000000 -0.000000
0.000000 9.124741 0.303033 1.000000
1.000000 0.000000 0.000000 0.000000
0.000000 1.000000 0.000000 0.000000
0.000000 0.000000 1.000000 0.000000
0.000000 0.000000 0.000000 1.000000
ChildCount: 1
Child index: 57
mixamorig8:Spine_$AssimpFbx$_PreRotation
Index: 57
Parent Index: 56
1.000000 0.000000 -0.000000 0.000000
0.000000 0.999449 0.033192 0.000000
-0.000000 -0.033192 0.999449 -0.000000
0.000000 0.000000 -0.000000 1.000000
1.000000 0.000000 0.000000 0.000000
0.000000 1.000000 0.000000 0.000000
0.000000 0.000000 1.000000 0.000000
0.000000 0.000000 0.000000 1.000000
ChildCount: 1
Child index: 58
mixamorig8:Spine_$AssimpFbx$_Rotation
Index: 58
Parent Index: 57
1.000000 0.000000 -0.000000 0.000000
0.000000 1.000000 -0.000000 0.000000
-0.000000 -0.000000 1.000000 -0.000000
0.000000 0.000000 -0.000000 1.000000
1.000000 0.000000 0.000000 0.000000
0.000000 1.000000 0.000000 0.000000
0.000000 0.000000 1.000000 0.000000
0.000000 0.000000 0.000000 1.000000
ChildCount: 1
Child index: 51
mixamorig8:Neck_$AssimpFbx$_Translation
Index: 59
Parent Index: 8
1.000000 0.000000 -0.000000 0.000000
0.000000 1.000000 -0.000000 0.000000
-0.000000 -0.000000 1.000000 -0.000000
0.000000 13.694649 0.000000 1.000000
1.000000 0.000000 0.000000 0.000000
0.000000 1.000000 0.000000 0.000000
0.000000 0.000000 1.000000 0.000000
0.000000 0.000000 0.000000 1.000000
ChildCount: 1
Child index: 60
mixamorig8:Neck_$AssimpFbx$_PreRotation
Index: 60
Parent Index: 59
1.000000 0.000000 -0.000000 0.000000
0.000000 0.999449 -0.033192 0.000000
-0.000000 0.033192 0.999449 -0.000000
0.000000 0.000000 -0.000000 1.000000
1.000000 0.000000 0.000000 0.000000
0.000000 1.000000 0.000000 0.000000
0.000000 0.000000 1.000000 0.000000
0.000000 0.000000 0.000000 1.000000
ChildCount: 1
Child index: 61
mixamorig8:Neck_$AssimpFbx$_Rotation
Index: 61
Parent Index: 60
1.000000 0.000000 -0.000000 0.000000
0.000000 1.000000 -0.000000 0.000000
-0.000000 -0.000000 1.000000 -0.000000
0.000000 0.000000 -0.000000 1.000000
1.000000 0.000000 0.000000 0.000000
0.000000 1.000000 0.000000 0.000000
0.000000 0.000000 1.000000 0.000000
0.000000 0.000000 0.000000 1.000000
ChildCount: 1
Child index: 9
mixamorig8:LeftShoulder_$AssimpFbx$_Translation
Index: 62
Parent Index: 8
1.000000 0.000000 -0.000000 0.000000
0.000000 1.000000 -0.000000 0.000000
-0.000000 -0.000000 1.000000 -0.000000
6.065188 11.948225 0.051236 1.000000
1.000000 0.000000 0.000000 0.000000
0.000000 1.000000 0.000000 0.000000
0.000000 0.000000 1.000000 0.000000
0.000000 0.000000 0.000000 1.000000
ChildCount: 1
Child index: 63
mixamorig8:LeftShoulder_$AssimpFbx$_PreRotation
Index: 63
Parent Index: 62
-0.008308 -0.000071 0.999965 0.000000
0.962232 -0.272112 0.007975 0.000000
0.272103 0.962265 0.002329 -0.000000
0.000000 0.000000 -0.000000 1.000000
1.000000 0.000000 0.000000 0.000000
0.000000 1.000000 0.000000 0.000000
0.000000 0.000000 1.000000 0.000000
0.000000 0.000000 0.000000 1.000000
ChildCount: 1
Child index: 64
mixamorig8:LeftShoulder_$AssimpFbx$_Rotation
Index: 64
Parent Index: 63
1.000000 0.000000 -0.000000 0.000000
0.000000 1.000000 -0.000000 0.000000
-0.000000 -0.000000 1.000000 -0.000000
0.000000 0.000000 -0.000000 1.000000
1.000000 0.000000 0.000000 0.000000
0.000000 1.000000 0.000000 0.000000
0.000000 0.000000 1.000000 0.000000
0.000000 0.000000 0.000000 1.000000
ChildCount: 1
Child index: 11
mixamorig8:LeftArm_$AssimpFbx$_Translation
Index: 65
Parent Index: 11
1.000000 0.000000 -0.000000 0.000000
0.000000 1.000000 -0.000000 0.000000
-0.000000 -0.000000 1.000000 -0.000000
0.000000 12.739593 -0.000000 1.000000
1.000000 0.000000 0.000000 0.000000
0.000000 1.000000 0.000000 0.000000
0.000000 0.000000 1.000000 0.000000
0.000000 0.000000 0.000000 1.000000
ChildCount: 1
Child index: 66
mixamorig8:LeftArm_$AssimpFbx$_PreRotation
Index: 66
Parent Index: 65
0.997250 -0.074104 -0.000000 0.000000
0.072686 0.978160 0.194732 0.000000
-0.014431 -0.194197 0.980856 -0.000000
0.000000 0.000000 -0.000000 1.000000
1.000000 0.000000 0.000000 0.000000
0.000000 1.000000 0.000000 0.000000
0.000000 0.000000 1.000000 0.000000
0.000000 0.000000 0.000000 1.000000
ChildCount: 1
Child index: 67
mixamorig8:LeftArm_$AssimpFbx$_Rotation
Index: 67
Parent Index: 66
1.000000 0.000000 -0.000000 0.000000
0.000000 1.000000 -0.000000 0.000000
-0.000000 -0.000000 1.000000 -0.000000
0.000000 0.000000 -0.000000 1.000000
1.000000 0.000000 0.000000 0.000000
0.000000 1.000000 0.000000 0.000000
0.000000 0.000000 1.000000 0.000000
0.000000 0.000000 0.000000 1.000000
ChildCount: 1
Child index: 12
mixamorig8:LeftForeArm_$AssimpFbx$_Translation
Index: 68
Parent Index: 12
1.000000 0.000000 -0.000000 0.000000
0.000000 1.000000 -0.000000 0.000000
-0.000000 -0.000000 1.000000 -0.000000
0.000000 22.402033 -0.000000 1.000000
1.000000 0.000000 0.000000 0.000000
0.000000 1.000000 0.000000 0.000000
0.000000 0.000000 1.000000 0.000000
0.000000 0.000000 0.000000 1.000000
ChildCount: 1
Child index: 69
mixamorig8:LeftForeArm_$AssimpFbx$_PreRotation
Index: 69
Parent Index: 68
0.992983 0.118256 -0.000000 0.000000
-0.117224 0.984314 0.131848 0.000000
0.015592 -0.130923 0.991270 -0.000000
0.000000 0.000000 -0.000000 1.000000
1.000000 0.000000 0.000000 0.000000
0.000000 1.000000 0.000000 0.000000
0.000000 0.000000 1.000000 0.000000
0.000000 0.000000 0.000000 1.000000
ChildCount: 1
Child index: 70
mixamorig8:LeftForeArm_$AssimpFbx$_Rotation
Index: 70
Parent Index: 69
1.000000 0.000000 -0.000000 0.000000
0.000000 1.000000 -0.000000 0.000000
-0.000000 -0.000000 1.000000 -0.000000
0.000000 0.000000 -0.000000 1.000000
1.000000 0.000000 0.000000 0.000000
0.000000 1.000000 0.000000 0.000000
0.000000 0.000000 1.000000 0.000000
0.000000 0.000000 0.000000 1.000000
ChildCount: 1
Child index: 13
mixamorig8:LeftHand_$AssimpFbx$_Translation
Index: 71
Parent Index: 13
1.000000 0.000000 -0.000000 0.000000
0.000000 1.000000 -0.000000 0.000000
-0.000000 -0.000000 1.000000 -0.000000
-0.000000 24.913595 -0.000000 1.000000
1.000000 0.000000 0.000000 0.000000
0.000000 1.000000 0.000000 0.000000
0.000000 0.000000 1.000000 0.000000
0.000000 0.000000 0.000000 1.000000
ChildCount: 1
Child index: 72
mixamorig8:LeftHand_$AssimpFbx$_PreRotation
Index: 72
Parent Index: 71
0.999772 0.014466 -0.015696 0.000000
-0.015985 0.994714 -0.101436 0.000000
0.014145 0.101664 0.994718 -0.000000
0.000000 0.000000 -0.000000 1.000000
1.000000 0.000000 0.000000 0.000000
0.000000 1.000000 0.000000 0.000000
0.000000 0.000000 1.000000 0.000000
0.000000 0.000000 0.000000 1.000000
ChildCount: 1
Child index: 73
mixamorig8:LeftHand_$AssimpFbx$_Rotation
Index: 73
Parent Index: 72
1.000000 0.000000 -0.000000 0.000000
0.000000 1.000000 -0.000000 0.000000
-0.000000 -0.000000 1.000000 -0.000000
0.000000 0.000000 -0.000000 1.000000
1.000000 0.000000 0.000000 0.000000
0.000000 1.000000 0.000000 0.000000
0.000000 0.000000 1.000000 0.000000
0.000000 0.000000 0.000000 1.000000
ChildCount: 1
Child index: 14
mixamorig8:LeftHandThumb1_$AssimpFbx$_Translation
Index: 74
Parent Index: 14
1.000000 0.000000 -0.000000 0.000000
0.000000 1.000000 -0.000000 0.000000
-0.000000 -0.000000 1.000000 -0.000000
-2.806891 2.874448 -1.198244 1.000000
1.000000 0.000000 0.000000 0.000000
0.000000 1.000000 0.000000 0.000000
0.000000 0.000000 1.000000 0.000000
0.000000 0.000000 0.000000 1.000000
ChildCount: 1
Child index: 75
mixamorig8:LeftHandThumb1_$AssimpFbx$_PreRotation
Index: 75
Parent Index: 74
0.840950 0.541113 -0.000000 0.000000
-0.517658 0.804498 -0.291228 0.000000
-0.157588 0.244908 0.956654 -0.000000
0.000000 0.000000 -0.000000 1.000000
1.000000 0.000000 0.000000 0.000000
0.000000 1.000000 0.000000 0.000000
0.000000 0.000000 1.000000 0.000000
0.000000 0.000000 0.000000 1.000000
ChildCount: 1
Child index: 76
mixamorig8:LeftHandThumb1_$AssimpFbx$_Rotation
Index: 76
Parent Index: 75
1.000000 0.000000 -0.000000 0.000000
0.000000 1.000000 -0.000000 0.000000
-0.000000 -0.000000 1.000000 -0.000000
0.000000 0.000000 -0.000000 1.000000
1.000000 0.000000 0.000000 0.000000
0.000000 1.000000 0.000000 0.000000
0.000000 0.000000 1.000000 0.000000
0.000000 0.000000 0.000000 1.000000
ChildCount: 1
Child index: 15
mixamorig8:LeftHandThumb2_$AssimpFbx$_Translation
Index: 77
Parent Index: 15
1.000000 0.000000 -0.000000 0.000000
0.000000 1.000000 -0.000000 0.000000
-0.000000 -0.000000 1.000000 -0.000000
-0.644040 3.291570 -0.000000 1.000000
1.000000 0.000000 0.000000 0.000000
0.000000 1.000000 0.000000 0.000000
0.000000 0.000000 1.000000 0.000000
0.000000 0.000000 0.000000 1.000000
ChildCount: 1
Child index: 78
mixamorig8:LeftHandThumb2_$AssimpFbx$_PreRotation
Index: 78
Parent Index: 77
1.000000 0.000000 -0.000000 0.000000
0.000000 0.995370 -0.096117 0.000000
-0.000000 0.096117 0.995370 -0.000000
0.000000 0.000000 -0.000000 1.000000
1.000000 0.000000 0.000000 0.000000
0.000000 1.000000 0.000000 0.000000
0.000000 0.000000 1.000000 0.000000
0.000000 0.000000 0.000000 1.000000
ChildCount: 1
Child index: 79
mixamorig8:LeftHandThumb2_$AssimpFbx$_Rotation
Index: 79
Parent Index: 78
1.000000 0.000000 -0.000000 0.000000
0.000000 1.000000 -0.000000 0.000000
-0.000000 -0.000000 1.000000 -0.000000
0.000000 0.000000 -0.000000 1.000000
1.000000 0.000000 0.000000 0.000000
0.000000 1.000000 0.000000 0.000000
0.000000 0.000000 1.000000 0.000000
0.000000 0.000000 0.000000 1.000000
ChildCount: 1
Child index: 16
mixamorig8:LeftHandThumb3_$AssimpFbx$_Translation
Index: 80
Parent Index: 16
1.000000 0.000000 -0.000000 0.000000
0.000000 1.000000 -0.000000 0.000000
-0.000000 -0.000000 1.000000 -0.000000
0.126511 3.101854 0.000000 1.000000
1.000000 0.000000 0.000000 0.000000
0.000000 1.000000 0.000000 0.000000
0.000000 0.000000 1.000000 0.000000
0.000000 0.000000 0.000000 1.000000
ChildCount: 1
Child index: 81
mixamorig8:LeftHandThumb3_$AssimpFbx$_PreRotation
Index: 81
Parent Index: 80
1.000000 0.000000 -0.000000 0.000000
0.000000 0.985002 0.172543 0.000000
-0.000000 -0.172543 0.985002 -0.000000
0.000000 0.000000 -0.000000 1.000000
1.000000 0.000000 0.000000 0.000000
0.000000 1.000000 0.000000 0.000000
0.000000 0.000000 1.000000 0.000000
0.000000 0.000000 0.000000 1.000000
ChildCount: 1
Child index: 82
mixamorig8:LeftHandThumb3_$AssimpFbx$_Rotation
Index: 82
Parent Index: 81
1.000000 0.000000 -0.000000 0.000000
0.000000 1.000000 -0.000000 0.000000
-0.000000 -0.000000 1.000000 -0.000000
0.000000 0.000000 -0.000000 1.000000
1.000000 0.000000 0.000000 0.000000
0.000000 1.000000 0.000000 0.000000
0.000000 0.000000 1.000000 0.000000
0.000000 0.000000 0.000000 1.000000
ChildCount: 1
Child index: 17
mixamorig8:LeftHandThumb4
Index: 83
Parent Index: 17
1.000000 0.000000 -0.000000 0.000000
0.000000 1.000000 -0.000000 0.000000
-0.000000 -0.000000 1.000000 -0.000000
0.517529 2.421888 -0.000000 1.000000
1.000000 0.000000 0.000000 0.000000
0.000000 1.000000 0.000000 0.000000
0.000000 0.000000 1.000000 0.000000
0.000000 0.000000 0.000000 1.000000
ChildCount: 0
mixamorig8:LeftHandIndex1_$AssimpFbx$_Translation
Index: 84
Parent Index: 14
1.000000 0.000000 -0.000000 0.000000
0.000000 1.000000 -0.000000 0.000000
-0.000000 -0.000000 1.000000 -0.000000
-3.321407 8.979021 -0.131643 1.000000
1.000000 0.000000 0.000000 0.000000
0.000000 1.000000 0.000000 0.000000
0.000000 0.000000 1.000000 0.000000
0.000000 0.000000 0.000000 1.000000
ChildCount: 1
Child index: 85
mixamorig8:LeftHandIndex1_$AssimpFbx$_PreRotation
Index: 85
Parent Index: 84
0.999905 0.013791 -0.000000 0.000000
-0.013789 0.999770 -0.016455 0.000000
-0.000227 0.016454 0.999865 -0.000000
0.000000 0.000000 -0.000000 1.000000
1.000000 0.000000 0.000000 0.000000
0.000000 1.000000 0.000000 0.000000
0.000000 0.000000 1.000000 0.000000
0.000000 0.000000 0.000000 1.000000
ChildCount: 1
Child index: 86
mixamorig8:LeftHandIndex1_$AssimpFbx$_Rotation
Index: 86
Parent Index: 85
1.000000 0.000000 -0.000000 0.000000
0.000000 1.000000 -0.000000 0.000000
-0.000000 -0.000000 1.000000 -0.000000
0.000000 0.000000 -0.000000 1.000000
1.000000 0.000000 0.000000 0.000000
0.000000 1.000000 0.000000 0.000000
0.000000 0.000000 1.000000 0.000000
0.000000 0.000000 0.000000 1.000000
ChildCount: 1
Child index: 18
mixamorig8:LeftHandIndex2_$AssimpFbx$_Translation
Index: 87
Parent Index: 18
1.000000 0.000000 -0.000000 0.000000
0.000000 1.000000 -0.000000 0.000000
-0.000000 -0.000000 1.000000 -0.000000
0.004289 2.992103 0.000000 1.000000
1.000000 0.000000 0.000000 0.000000
0.000000 1.000000 0.000000 0.000000
0.000000 0.000000 1.000000 0.000000
0.000000 0.000000 0.000000 1.000000
ChildCount: 1
Child index: 88
mixamorig8:LeftHandIndex2_$AssimpFbx$_PreRotation
Index: 88
Parent Index: 87
1.000000 0.000000 -0.000000 0.000000
0.000000 0.987236 -0.159265 0.000000
-0.000000 0.159265 0.987236 -0.000000
0.000000 0.000000 -0.000000 1.000000
1.000000 0.000000 0.000000 0.000000
0.000000 1.000000 0.000000 0.000000
0.000000 0.000000 1.000000 0.000000
0.000000 0.000000 0.000000 1.000000
ChildCount: 1
Child index: 89
mixamorig8:LeftHandIndex2_$AssimpFbx$_Rotation
Index: 89
Parent Index: 88
1.000000 0.000000 -0.000000 0.000000
0.000000 1.000000 -0.000000 0.000000
-0.000000 -0.000000 1.000000 -0.000000
0.000000 0.000000 -0.000000 1.000000
1.000000 0.000000 0.000000 0.000000
0.000000 1.000000 0.000000 0.000000
0.000000 0.000000 1.000000 0.000000
0.000000 0.000000 0.000000 1.000000
ChildCount: 1
Child index: 19
mixamorig8:LeftHandIndex3_$AssimpFbx$_Translation
Index: 90
Parent Index: 19
1.000000 0.000000 -0.000000 0.000000
0.000000 1.000000 -0.000000 0.000000
-0.000000 -0.000000 1.000000 -0.000000
-0.001235 2.839032 -0.000000 1.000000
1.000000 0.000000 0.000000 0.000000
0.000000 1.000000 0.000000 0.000000
0.000000 0.000000 1.000000 0.000000
0.000000 0.000000 0.000000 1.000000
ChildCount: 1
Child index: 91
mixamorig8:LeftHandIndex3_$AssimpFbx$_PreRotation
Index: 91
Parent Index: 90
1.000000 0.000000 -0.000000 0.000000
0.000000 0.997723 -0.067447 0.000000
-0.000000 0.067447 0.997723 -0.000000
0.000000 0.000000 -0.000000 1.000000
1.000000 0.000000 0.000000 0.000000
0.000000 1.000000 0.000000 0.000000
0.000000 0.000000 1.000000 0.000000
0.000000 0.000000 0.000000 1.000000
ChildCount: 1
Child index: 92
mixamorig8:LeftHandIndex3_$AssimpFbx$_Rotation
Index: 92
Parent Index: 91
1.000000 0.000000 -0.000000 0.000000
0.000000 1.000000 -0.000000 0.000000
-0.000000 -0.000000 1.000000 -0.000000
0.000000 0.000000 -0.000000 1.000000
1.000000 0.000000 0.000000 0.000000
0.000000 1.000000 0.000000 0.000000
0.000000 0.000000 1.000000 0.000000
0.000000 0.000000 0.000000 1.000000
ChildCount: 1
Child index: 20
mixamorig8:LeftHandIndex4
Index: 93
Parent Index: 20
1.000000 0.000000 -0.000000 0.000000
0.000000 1.000000 -0.000000 0.000000
-0.000000 -0.000000 1.000000 -0.000000
-0.003054 2.498005 0.000000 1.000000
1.000000 0.000000 0.000000 0.000000
0.000000 1.000000 0.000000 0.000000
0.000000 0.000000 1.000000 0.000000
0.000000 0.000000 0.000000 1.000000
ChildCount: 0
mixamorig8:LeftHandMiddle1_$AssimpFbx$_Translation
Index: 94
Parent Index: 14
1.000000 0.000000 -0.000000 0.000000
0.000000 1.000000 -0.000000 0.000000
-0.000000 -0.000000 1.000000 -0.000000
-0.862400 9.095976 0.135509 1.000000
1.000000 0.000000 0.000000 0.000000
0.000000 1.000000 0.000000 0.000000
0.000000 0.000000 1.000000 0.000000
0.000000 0.000000 0.000000 1.000000
ChildCount: 1
Child index: 95
mixamorig8:LeftHandMiddle1_$AssimpFbx$_PreRotation
Index: 95
Parent Index: 94
1.000000 -0.000323 -0.000000 0.000000
0.000323 0.999977 0.006785 0.000000
-0.000002 -0.006785 0.999977 -0.000000
0.000000 0.000000 -0.000000 1.000000
1.000000 0.000000 0.000000 0.000000
0.000000 1.000000 0.000000 0.000000
0.000000 0.000000 1.000000 0.000000
0.000000 0.000000 0.000000 1.000000
ChildCount: 1
Child index: 96
mixamorig8:LeftHandMiddle1_$AssimpFbx$_Rotation
Index: 96
Parent Index: 95
1.000000 0.000000 -0.000000 0.000000
0.000000 1.000000 -0.000000 0.000000
-0.000000 -0.000000 1.000000 -0.000000
0.000000 0.000000 -0.000000 1.000000
1.000000 0.000000 0.000000 0.000000
0.000000 1.000000 0.000000 0.000000
0.000000 0.000000 1.000000 0.000000
0.000000 0.000000 0.000000 1.000000
ChildCount: 1
Child index: 21
mixamorig8:LeftHandMiddle2_$AssimpFbx$_Translation
Index: 97
Parent Index: 21
1.000000 0.000000 -0.000000 0.000000
0.000000 1.000000 -0.000000 0.000000
-0.000000 -0.000000 1.000000 -0.000000
0.004141 3.243191 -0.000000 1.000000
1.000000 0.000000 0.000000 0.000000
0.000000 1.000000 0.000000 0.000000
0.000000 0.000000 1.000000 0.000000
0.000000 0.000000 0.000000 1.000000
ChildCount: 1
Child index: 98
mixamorig8:LeftHandMiddle2_$AssimpFbx$_PreRotation
Index: 98
Parent Index: 97
1.000000 0.000000 -0.000000 0.000000
0.000000 0.971294 -0.237883 0.000000
-0.000000 0.237883 0.971294 -0.000000
