MaterialCount: 1
DiffuseMapName SambaDancing_diffuse0.png
Ambient: 0.200000 0.200000 0.200000 1.000000
Diffuse: 1.000000 1.000000 1.000000 1.000000
Specular: 0.500000 0.500000 0.500000 1.000000
Power: 43.076923
